3,2,1,0,2,0,3,2,1,1,0,0,1,0,0,0|6.6593
0,3,2,1,3,2,3,2,0,1,1,0,0,1,0,0|6.7831
3,3,2,3,0,3,3,0,0,1,1,0,0,2,0,0|6.6172
6,2,3,0,3,3,0,0,1,1,0,3,2,0,0,0|6.6015
6,2,3,0,6,0,0,3,1,1,3,0,2,0,0,0|6.5561
12,2,3,3,1,1,3,0,2,0,0,0,0,0,1,0|6.5109
12,3,6,3,3,0,0,0,0,0,1,0,0,1,0,0|6.2159
12,3,6,3,3,0,1,0,0,1,0,0,0,2,0,0|6.3613
12,3,6,3,3,1,0,2,1,0,0,0,2,0,0,0|6.5068
12,3,6,3,3,1,2,1,1,0,0,0,2,0,0,0|6.6527
12,3,6,3,3,3,1,1,1,0,0,0,2,0,0,0|6.6487
12,3,6,3,6,1,1,3,1,0,0,0,2,0,0,0|6.6351
12,3,6,6,6,1,1,0,3,0,0,0,0,0,0,3|6.4417
12,3,12,2,6,1,1,0,3,0,0,0,0,0,3,0|6.4286
12,3,12,2,6,1,1,0,3,0,0,0,0,3,0,2|6.5558
12,3,12,2,6,1,1,0,3,0,0,0,3,0,2,3|6.6632
12,3,12,2,6,1,1,0,6,0,2,3,1,0,0,0|6.6709
12,3,12,2,12,1,3,3,1,0,0,0,0,0,1,0|6.4789
24,3,12,2,1,1,3,3,0,0,1,0,0,0,3,0|6.2272
24,3,12,2,1,1,6,0,0,1,0,1,0,3,0,0|6.2157
24,3,12,2,1,1,6,1,0,1,0,0,0,3,0,2|6.3646
24,3,12,3,1,1,6,0,0,1,0,2,0,3,0,1|6.3337
24,3,12,3,0,1,1,6,0,0,1,2,3,0,3,1|6.4531
24,3,12,3,1,1,6,0,0,1,2,3,3,3,1,0|6.5729
24,3,12,3,1,1,6,3,3,1,3,0,0,3,2,0|6.6029
24,3,12,6,1,1,6,0,3,1,3,0,0,3,2,2|6.5932
24,3,12,6,0,1,1,6,2,3,1,3,0,3,2,2|6.7039
24,3,12,12,2,1,1,3,0,6,3,2,0,0,3,0|6.3648
24,3,24,0,3,1,3,0,6,3,2,1,0,3,0,0|5.9661
24,3,24,0,3,1,3,1,6,6,2,0,0,3,0,0|5.9676
24,3,24,1,3,1,3,0,6,6,2,0,0,3,0,1|6.1295
24,3,24,1,3,1,3,0,12,2,0,1,3,0,1,0|6.0718
24,3,24,1,3,1,3,0,12,2,1,0,3,1,0,1|6.2243
24,3,24,1,3,3,3,0,12,1,1,1,3,0,0,2|6.2172
24,3,24,1,6,3,0,0,12,1,1,1,3,0,2,2|6.1804
24,3,24,1,6,3,0,0,12,1,1,1,3,2,2,2|6.3339
24,6,24,1,6,1,1,1,12,2,2,2,3,0,3,0|6.3578
24,6,24,1,6,3,3,3,12,0,3,0,3,0,2,0|6.0020
24,6,24,1,6,6,3,3,12,3,0,0,3,2,0,0|6.0066
24,6,24,1,12,3,3,3,12,3,0,0,3,2,0,0|5.9115
24,6,24,1,12,6,3,3,12,3,0,0,3,2,0,0|5.8868
24,12,24,1,24,3,3,3,3,2,0,0,3,0,0,0|5.4124
48,12,24,1,3,3,3,3,3,2,0,0,2,0,0,0|4.6384
48,12,24,1,6,3,3,1,3,2,0,0,2,0,0,0|4.6647
48,12,24,1,3,6,6,1,0,3,2,0,0,2,0,0|4.6514
48,12,24,1,0,3,12,1,0,0,3,2,1,0,2,0|4.5685
48,12,24,1,3,12,1,0,0,3,2,0,1,2,0,2|4.7460
48,24,24,1,3,3,3,0,1,2,0,2,0,3,0,0|4.2938
48,48,1,0,6,3,0,2,3,0,2,0,3,0,0,0|3.2220
96,1,0,1,6,3,2,0,3,2,0,0,3,0,0,0|0.8506
96,1,2,1,6,3,0,0,6,2,0,0,0,0,2,0|0.8496
96,1,2,1,12,3,0,0,0,2,2,0,1,0,0,0|0.7890
96,1,2,1,12,3,2,0,1,2,0,0,3,0,0,0|0.9488
96,3,1,1,12,3,2,0,3,0,0,0,3,0,0,0|0.7890
96,6,3,1,12,0,0,0,6,0,0,0,0,3,0,0|0.4596
96,6,3,1,12,0,0,0,6,0,0,0,3,0,0,2|0.6106
96,6,3,1,12,0,0,0,6,0,0,0,3,0,2,1|0.7520
96,6,3,1,12,0,0,0,6,0,2,1,3,0,0,12|0.6539
96,6,3,1,12,0,0,0,6,2,1,0,3,0,12,3|0.8061
96,6,3,1,12,0,0,0,6,3,0,1,3,12,3,0|0.8188
96,6,3,1,12,3,0,1,6,12,3,0,3,0,0,2|0.9819
96,6,3,1,12,3,1,3,6,12,3,0,3,0,2,0|1.1455
96,6,3,1,12,3,1,3,6,12,3,0,3,2,0,2|1.3195
96,6,3,1,12,3,1,3,6,12,3,0,3,2,2,2|1.4939
96,6,3,1,12,3,1,3,6,12,3,2,3,2,2,1|1.6488
96,6,3,1,12,3,1,3,6,12,3,2,3,2,3,3|1.6341
96,6,3,1,12,3,1,3,6,12,6,2,3,2,1,3|1.6799
96,6,3,1,12,3,1,3,6,12,6,2,3,3,3,2|1.6662
96,6,3,1,12,3,1,3,6,12,6,2,6,3,2,1|1.6829
96,6,3,1,12,3,1,3,6,12,6,2,6,3,3,1|1.6901
96,6,3,1,12,3,1,3,6,12,6,2,6,6,1,3|1.6978
96,6,3,1,12,3,1,3,6,12,6,2,12,1,3,3|1.6560
96,6,3,1,12,3,1,3,6,12,6,2,12,1,6,2|1.6946
96,6,3,1,12,3,1,3,6,12,12,2,12,1,1,2|1.6638
96,6,3,1,12,3,1,3,6,24,2,2,12,1,3,0|1.3034
96,6,0,3,12,3,3,1,6,24,3,3,12,1,3,2|1.2435
96,6,3,3,12,3,3,1,6,24,3,3,12,1,2,2|1.4042
96,6,6,2,12,6,1,0,6,24,6,0,12,3,2,0|1.0153
96,12,6,2,12,24,1,0,6,3,6,0,12,3,2,0|0.9370
96,12,6,2,12,24,1,0,6,6,6,0,12,2,2,0|0.9592
96,12,6,2,12,24,1,0,12,6,0,2,12,2,2,0|0.8719
96,12,6,2,24,24,1,2,12,6,2,0,0,2,6,0|0.5852
96,12,6,2,24,24,3,2,12,6,6,0,0,2,1,0|0.5689
96,12,6,2,48,3,2,1,12,12,0,0,2,1,0,0|-0.3567
96,12,6,2,48,3,3,0,24,0,0,3,3,0,0,0|-0.9418
96,12,6,2,48,6,0,0,24,0,3,1,3,0,0,0|-0.9364
96,12,6,2,48,6,0,0,24,3,1,2,3,0,0,0|-0.7404
96,12,6,2,48,6,0,0,24,3,3,1,3,0,0,0|-0.7138
96,12,6,2,48,6,0,0,24,6,1,3,3,0,0,0|-0.7167
96,12,6,2,48,12,1,3,24,0,0,0,3,0,3,0|-0.7790
96,12,6,2,48,12,1,3,24,0,0,0,3,3,0,3|-0.6507
96,12,6,2,48,12,1,3,24,0,0,0,6,0,3,3|-0.6618
96,24,6,2,48,0,1,3,24,0,3,3,6,0,0,2|-0.9024
96,24,6,2,48,1,3,1,24,3,3,0,6,0,2,0|-0.6323
96,24,6,3,48,1,6,0,24,3,2,0,6,0,0,1|-0.7316
96,24,12,3,48,1,2,0,24,3,0,1,6,0,3,0|-0.8103
96,24,12,3,48,1,2,1,24,3,3,0,6,0,0,2|-0.6284
96,24,12,3,48,3,1,3,24,6,0,0,6,0,2,0|-0.7858
96,24,12,3,48,3,1,3,1,24,6,0,0,6,0,2|-0.5027
96,24,12,3,48,3,1,3,1,24,6,0,6,0,2,12|-0.5589
96,24,12,3,48,3,1,3,1,24,6,0,6,2,12,2|-0.3144
96,24,12,3,48,3,1,3,2,1,24,6,6,2,12,2|-0.1593
96,24,12,3,48,3,1,3,3,24,6,1,6,2,12,2|-0.1135
96,24,12,1,48,3,1,3,3,24,6,3,6,2,12,3|-0.0871
2,3,0,3,2,2,0,2,1,1,0,0,1,0,0,0|9.4762
0,2,3,3,0,2,2,2,3,1,1,0,0,1,0,0|9.6184
0,2,3,3,3,3,3,2,0,1,0,0,0,1,0,0|9.4811
3,2,6,3,0,3,0,2,0,1,0,0,3,1,0,0|9.5044
3,2,6,3,3,0,2,0,1,0,0,2,3,1,0,0|9.6581
3,2,6,3,3,3,0,2,0,1,0,2,0,3,1,0|9.7925
6,2,6,3,0,3,0,2,0,1,1,2,3,3,0,0|9.7973
6,2,6,3,0,3,1,2,3,1,0,2,0,3,2,0|9.9928
6,2,6,3,3,1,2,0,3,1,2,0,3,2,0,1|10.1287
6,3,6,3,6,1,2,0,3,2,2,1,1,0,0,0|10.0253
6,3,6,3,6,3,0,0,3,2,3,3,1,0,0,0|9.8524
12,6,6,3,3,2,3,3,1,0,0,0,0,0,0,1|9.7001
12,6,6,6,3,2,3,0,1,0,0,1,0,0,0,2|9.7184
12,12,6,1,3,2,3,0,1,0,1,0,0,0,2,0|9.7273
12,12,6,1,3,2,3,0,1,0,3,0,0,0,2,0|9.7568
12,12,6,1,3,2,6,0,1,0,2,0,0,0,3,0|9.7768
12,12,12,1,3,2,2,0,1,0,3,0,0,0,3,0|9.7175
24,12,1,3,3,2,2,0,1,3,0,0,0,3,0,0|9.4888
24,12,3,3,3,2,0,0,1,6,0,0,0,1,0,0|9.4007
24,12,6,0,3,2,0,0,1,6,0,0,1,0,0,3|9.3832
24,12,6,0,3,2,0,0,1,6,0,0,1,0,3,3|9.5164
24,12,6,0,3,2,0,0,1,6,0,0,1,3,3,1|9.7102
24,12,6,0,3,2,0,0,1,6,3,1,1,3,0,2|9.8846
24,12,6,0,3,2,0,0,1,6,3,1,1,3,2,1|10.0797
24,12,6,0,3,2,0,0,1,6,3,1,1,3,3,2|10.0955
24,12,6,0,3,2,3,1,1,6,3,2,1,3,0,1|10.2819
24,12,6,1,3,2,6,2,1,6,0,1,1,3,2,0|10.3390
24,12,6,1,3,2,6,2,1,6,1,2,1,3,2,0|10.5568
24,12,12,3,3,2,1,2,1,6,2,0,1,3,3,0|10.3352
24,24,3,0,3,3,2,0,1,6,2,0,1,6,0,3|9.8044
48,3,0,0,6,2,0,0,1,6,2,0,1,6,3,2|8.9642
48,3,0,0,6,3,0,0,1,2,2,0,1,12,3,2|8.9047
48,3,0,0,6,3,0,0,3,2,0,1,1,12,3,2|8.9260
48,6,0,0,6,2,0,1,3,12,3,2,1,0,0,1|8.9580
48,6,0,1,6,2,3,2,3,12,0,1,1,0,2,0|9.1207
48,6,3,3,6,2,0,1,3,12,2,0,1,0,0,2|9.1941
48,0,0,1,6,6,3,3,3,2,0,1,1,12,2,2|9.3583
48,6,3,1,6,2,0,3,3,12,2,3,1,1,0,0|9.4733
48,6,3,1,6,2,2,6,3,12,0,0,1,1,3,0|9.5089
48,6,0,2,6,2,3,1,3,12,2,6,1,1,3,0|9.7154
48,6,3,3,6,2,2,6,3,12,3,0,1,1,1,0|9.7526
48,6,6,1,6,2,2,6,3,12,3,0,1,1,1,0|9.8306
48,12,1,3,6,2,2,6,3,12,3,0,1,1,1,0|9.7794
48,12,3,3,6,2,3,6,3,12,1,0,1,1,2,0|9.7890
48,12,6,3,6,2,1,6,3,12,2,0,1,1,2,0|9.8594
48,12,6,3,6,3,6,1,3,12,2,0,1,3,0,0|9.7406
48,12,12,3,6,3,2,1,3,12,0,0,1,3,3,0|9.6626
48,12,12,3,6,3,2,1,3,12,3,0,1,3,2,0|9.8955
0,48,24,3,1,6,3,3,0,3,12,3,0,1,3,2|9.5492
48,24,3,0,1,6,6,2,3,12,3,0,1,3,2,0|9.6337
48,24,3,0,1,12,2,3,3,12,3,0,1,3,2,0|9.6091
48,24,3,3,1,24,2,0,3,3,3,0,1,0,2,3|9.3554
48,24,6,2,1,24,2,0,6,3,0,0,1,2,3,0|9.3225
48,48,6,2,1,3,2,0,6,2,3,0,1,2,0,0|8.5805
96,6,2,0,1,3,2,0,6,2,3,0,3,0,0,3|6.0394
96,6,2,0,1,3,2,0,6,2,3,0,3,0,3,3|6.1992
96,6,2,0,1,3,2,0,6,2,3,0,3,3,3,1|6.4099
96,6,2,0,1,3,2,0,6,2,6,1,3,3,0,3|6.4815
96,6,2,0,1,3,2,0,6,2,6,1,6,0,3,1|6.5440
0,2,2,0,96,6,2,0,1,3,6,1,12,2,3,1|6.5875
96,2,2,0,1,6,2,1,12,3,6,1,1,2,3,0|6.8219
96,2,2,12,1,6,2,0,12,3,6,1,1,2,3,1|6.7873
96,2,2,1,1,6,2,12,12,3,6,1,1,2,3,1|7.0436
96,2,3,0,1,6,2,12,12,3,6,1,3,3,1,3|6.9109
96,2,3,12,1,6,2,1,12,6,6,3,3,2,1,0|6.9392
96,2,3,12,1,6,3,0,12,12,3,0,3,3,0,2|6.5885
96,2,6,12,1,6,3,0,12,12,0,2,3,3,0,1|6.6488
96,2,6,12,1,6,3,0,24,0,2,0,6,0,1,3|6.3201
96,2,6,12,1,6,3,0,24,0,3,3,6,0,1,0|6.3824
96,2,6,12,1,6,6,3,24,0,1,0,6,0,2,0|6.4758
96,2,12,12,1,6,1,3,24,0,2,0,6,0,3,0|6.5002
96,2,12,12,1,6,3,3,24,0,3,0,6,0,2,0|6.5457
96,2,24,3,1,6,6,0,24,3,0,0,6,2,0,0|6.2922
96,2,24,3,1,12,0,2,24,3,0,0,6,2,0,0|6.3298
96,2,24,3,1,1,12,2,0,24,3,0,0,6,2,0|6.5585
96,2,24,3,1,1,12,2,24,3,0,3,6,2,0,0|6.7382
96,3,24,3,1,3,12,2,24,2,0,3,6,1,0,0|6.7891
96,6,24,3,1,2,12,2,24,1,0,3,6,3,0,0|6.8311
96,6,24,3,1,3,12,2,24,3,0,3,6,2,0,0|6.9043
96,6,24,3,1,6,12,2,24,2,0,3,6,6,0,0|6.9086
96,12,24,3,1,2,12,2,24,6,0,3,6,1,0,0|6.9440
96,12,24,3,0,3,12,2,3,24,6,3,0,6,1,0|6.9406
96,12,24,3,3,3,12,2,0,24,6,3,2,6,1,0|7.1984
96,12,24,3,3,3,12,2,2,24,6,3,1,6,1,0|7.4674
96,12,24,3,3,3,12,2,3,24,6,3,2,6,1,0|7.5476
96,12,24,3,6,12,2,3,3,24,6,3,2,6,1,0|7.5889
96,24,24,6,6,24,2,3,3,6,6,0,2,3,1,0|7.2116
96,48,24,6,6,6,2,3,3,3,6,0,2,2,1,0|6.4954
96,48,24,6,12,2,3,0,6,6,0,0,2,3,0,1|6.2405
96,48,24,6,12,2,3,0,12,0,0,0,2,3,1,1|6.2669
96,48,24,6,24,2,3,0,2,3,1,1,0,0,3,0|6.1345
96,48,24,6,1,24,2,3,2,3,1,1,0,0,0,3|6.4035
96,48,24,6,3,24,3,3,0,3,0,1,0,0,3,3|6.2637
96,48,24,6,0,3,24,6,2,0,3,1,0,0,0,6|6.1953
96,48,48,12,2,3,3,1,0,0,0,6,1,0,0,0|5.3581
0,96,96,12,6,2,6,1,0,0,0,6,0,1,0,0|2.8424
6,96,96,12,0,2,6,1,0,1,0,6,0,1,0,0|3.1079
6,96,96,12,0,3,6,1,0,1,0,6,0,1,0,0|3.2049
0,6,192,12,0,3,6,1,0,0,1,6,2,0,1,0|-3.9268
6,192,12,0,3,6,1,0,0,1,6,2,2,1,0,0|-3.6671
0,6,192,12,3,3,6,1,0,1,6,2,0,2,1,0|-3.4759
6,192,12,0,6,6,1,0,1,6,2,2,2,1,0,0|-3.3633
3,0,0,0,6,192,12,0,6,12,1,0,3,1,2,2|-3.4793
3,192,12,0,12,12,1,0,3,1,2,2,0,2,0,0|-3.4039
3,192,12,0,24,1,0,0,3,3,2,1,2,0,0,0|-3.6469
3,192,12,0,24,1,0,0,6,2,1,1,2,0,0,0|-3.5185
3,192,12,0,24,1,0,0,6,3,1,1,2,0,0,0|-3.3886
3,192,12,0,24,1,1,1,6,3,0,0,2,0,2,0|-3.1072
3,0,0,1,24,192,12,0,6,1,1,1,2,3,2,0|-2.8942
2,3,0,1,0,24,192,12,6,1,1,1,0,2,3,2|-2.5997
2,3,1,0,24,192,12,12,6,1,1,1,2,3,2,0|-2.5037
3,2,3,1,0,24,192,24,6,1,1,1,0,2,3,2|-2.6560
3,2,3,1,24,192,24,3,6,1,1,1,2,3,2,0|-2.3868
3,2,2,0,24,192,3,1,6,1,24,3,2,3,3,1|-2.2060
3,2,2,0,24,192,3,1,6,1,24,3,2,6,1,3|-2.0635
3,2,2,3,24,192,3,0,6,1,24,1,2,6,1,6|-1.9294
3,2,2,3,24,192,3,3,6,1,24,1,2,6,1,6|-1.6836
3,2,2,3,24,192,6,2,6,1,24,1,2,6,1,6|-1.5362
3,2,2,3,24,192,6,3,6,1,24,6,2,6,1,2|-1.4471
3,2,2,1,24,192,6,6,6,1,24,6,2,6,1,2|-1.3162
2,3,2,3,0,24,192,12,6,1,24,6,0,2,6,3|-1.6237
2,3,2,3,24,192,12,0,6,1,24,6,2,6,3,3|-1.2994
2,3,2,3,0,24,192,12,6,1,24,6,1,2,6,6|-1.2333
2,3,2,3,24,192,12,0,6,1,24,6,3,6,6,2|-1.0154
2,3,2,1,24,192,12,3,6,1,24,6,3,6,6,2|-0.7058
0,2,3,3,24,192,12,3,6,1,24,6,3,3,12,2|-0.8343
2,3,3,3,24,192,12,3,6,1,24,6,6,12,2,0|-0.6711
2,6,3,1,24,192,12,3,6,1,24,6,6,12,2,0|-0.4859
0,6,3,1,2,192,12,1,24,1,24,3,12,12,2,6|-0.3189
0,3,0,2,0,0,0,1,1,2,3,2,1,0,2,0|6.9117
0,3,0,3,1,2,3,2,1,0,2,0,0,0,0,1|6.9283
3,0,3,0,3,3,2,0,1,2,0,3,0,0,1,0|6.8752
6,3,3,0,1,2,2,3,0,0,1,0,3,0,0,0|6.8723
6,3,3,3,1,2,3,0,3,0,0,0,2,0,0,0|6.8697
6,6,3,0,3,3,0,2,3,0,0,0,2,0,0,0|6.7073
12,3,0,2,6,0,2,0,3,0,0,0,2,0,0,0|6.5253
12,3,2,0,6,2,0,1,3,0,0,0,2,0,0,0|6.6935
12,3,2,1,6,2,0,0,3,0,0,0,2,0,0,1|6.8221
12,3,2,1,6,2,0,0,3,0,0,1,2,0,0,1|6.9609
12,3,3,0,6,2,0,0,3,0,1,3,2,0,1,0|6.9300
12,3,3,0,6,2,1,3,3,0,1,0,2,0,2,0|7.0694
12,6,0,1,6,3,3,0,3,1,0,0,2,2,0,0|6.9190
12,6,1,0,6,6,0,3,3,1,0,0,2,2,0,0|6.8990
12,12,1,3,6,1,0,0,3,2,0,0,2,0,0,3|6.8393
24,1,3,0,6,1,0,0,3,2,0,0,2,0,3,3|6.5699
24,0,3,0,6,1,3,0,3,1,0,0,2,2,3,3|6.6508
24,1,6,0,6,1,0,0,3,2,3,3,2,1,0,0|6.6921
24,1,6,0,6,3,3,3,3,1,0,0,2,0,1,0|6.6936
24,1,6,0,6,6,3,1,3,1,0,0,2,1,0,0|6.7354
24,1,6,0,12,3,1,0,3,1,0,0,3,0,0,2|6.5276
24,1,6,0,12,3,1,0,3,1,0,0,3,0,2,3|6.6401
24,1,6,0,12,3,1,0,6,1,2,3,0,0,0,3|6.6130
24,1,6,0,12,3,3,3,6,1,0,3,0,0,0,2|6.5961
24,1,6,0,12,6,3,0,6,1,3,0,0,0,2,2|6.6396
24,1,6,0,12,6,6,0,6,1,2,2,0,0,0,2|6.6334
24,1,6,0,12,12,0,3,6,3,2,0,0,0,2,0|6.3876
24,1,6,0,24,0,3,0,6,3,2,0,0,2,0,1|6.1221
48,1,6,0,6,3,3,0,0,2,2,1,0,0,0,1|5.3870
48,1,6,0,6,6,0,2,2,2,1,0,0,0,1,0|5.4022
48,1,6,0,12,0,2,0,2,3,0,1,0,1,0,0|5.1978
48,1,6,0,12,3,2,1,2,1,0,0,0,0,0,3|5.3338
48,1,6,0,12,3,3,0,3,0,0,2,0,0,3,0|5.1701
48,1,6,0,12,3,3,2,3,0,3,0,0,0,2,0|5.3267
48,1,6,2,12,3,6,0,3,0,2,0,0,0,1,0|5.3538
48,1,12,2,12,3,2,0,3,0,1,0,0,0,2,0|5.3312
48,1,12,2,12,3,3,0,3,0,2,0,0,0,3,0|5.3090
48,1,12,2,12,6,0,3,3,2,0,0,0,3,0,0|5.2971
48,1,12,2,12,6,3,1,3,2,0,0,3,0,0,0|5.4557
48,1,12,3,12,6,3,0,6,2,0,0,0,0,0,3|5.2846
48,1,12,3,12,6,3,0,6,2,0,3,0,0,0,3|5.3940
48,1,12,3,12,6,3,3,6,2,0,3,0,0,0,1|5.5437
48,1,12,3,12,6,6,2,6,2,3,0,0,0,1,0|5.5838
48,1,12,3,12,12,2,1,6,2,3,0,0,1,0,0|5.5644
48,1,12,3,12,12,2,1,6,3,3,0,0,1,0,0|5.5553
48,1,12,3,24,2,1,3,6,6,0,0,1,0,0,0|5.1367
48,3,12,6,24,6,1,0,6,0,0,0,1,0,0,2|4.9685
48,3,12,6,24,6,1,0,6,0,0,2,1,0,0,2|5.1207
48,3,12,6,24,6,1,2,6,0,0,2,1,0,0,1|5.2833
48,3,12,6,24,6,3,0,6,0,2,0,1,0,1,3|5.2364
48,3,12,6,24,6,3,0,6,0,3,3,1,0,0,3|5.1999
48,2,0,0,24,3,12,6,6,6,3,0,1,0,3,6|5.2538
48,2,0,0,24,3,12,6,12,3,0,0,1,3,6,1|5.2182
48,2,12,6,24,6,0,0,12,3,6,1,1,6,0,0|5.1830
48,2,12,6,24,6,6,1,12,3,0,0,1,6,3,0|5.3283
48,2,12,6,24,6,6,1,12,3,3,0,1,6,2,0|5.5041
48,2,12,6,24,12,1,1,12,6,0,0,1,6,2,0|5.3303
48,2,12,6,24,12,1,1,12,12,2,0,1,2,0,0|5.2869
48,2,12,6,24,24,3,1,12,2,0,0,1,1,0,0|4.9441
48,2,12,6,24,24,3,1,12,3,0,0,1,2,0,0|4.9417
48,2,12,6,48,3,1,3,12,3,0,0,3,0,0,0|3.9598
96,2,12,6,12,6,1,3,3,0,0,0,0,2,0,0|1.4384
96,2,12,6,12,6,1,3,3,2,0,0,0,3,0,0|1.5975
96,2,12,6,12,6,1,3,0,3,2,0,1,0,3,0|1.7170
96,2,12,6,12,6,3,3,1,3,3,0,0,0,3,0|1.6971
96,2,12,6,12,6,6,3,1,3,3,0,0,0,3,0|1.6877
96,2,12,6,12,12,3,0,1,6,0,12,0,3,0,0|1.2688
96,2,12,6,2,12,12,3,0,1,6,12,0,0,3,0|1.5004
96,2,24,6,2,12,6,3,0,1,3,12,0,0,1,0|1.3225
96,2,24,6,2,12,6,3,0,1,3,12,3,0,0,1|1.4651
96,2,24,6,2,12,6,3,0,1,3,12,1,3,0,1|1.6383
96,2,24,6,2,12,6,3,0,1,3,12,2,1,3,1|1.8020
96,2,24,6,2,12,6,3,2,1,6,12,3,1,0,1|1.7963
96,2,24,6,2,12,12,3,2,1,0,12,3,1,2,1|1.7211
96,2,24,6,0,2,24,3,1,2,1,12,0,3,1,3|1.3465
96,2,48,6,1,2,1,3,0,2,1,12,3,3,0,3|0.5724
96,2,48,6,0,1,3,3,2,0,3,12,0,3,3,3|0.3489
96,2,48,6,1,3,3,0,2,3,12,1,3,3,3,0|0.6160
96,2,48,6,3,6,3,1,3,3,12,0,0,0,3,1|0.5236
96,2,48,6,6,6,3,1,0,3,12,1,2,0,3,0|0.5618
96,2,48,6,12,3,1,0,3,12,1,2,2,3,0,0|0.5406
96,2,48,6,0,12,3,1,2,3,12,3,0,2,3,0|0.5700
96,2,48,6,0,12,3,1,2,3,12,3,1,0,2,3|0.7300
96,2,48,6,12,3,1,3,2,3,12,3,1,2,3,0|0.8906
96,2,48,6,12,6,1,6,3,2,12,0,1,0,3,0|0.6618
96,2,48,6,12,6,1,6,0,3,2,12,3,1,0,3|0.7537
96,2,48,12,12,6,3,12,3,3,0,3,1,1,0,0|0.5461
96,2,48,12,12,6,3,12,3,3,3,3,0,1,1,0|0.6792
96,2,48,24,12,6,6,3,3,3,1,0,0,1,0,2|0.3230
96,2,48,24,12,6,6,3,3,3,1,2,0,1,0,3|0.4773
96,2,48,24,0,12,12,3,3,3,3,3,0,0,1,3|0.2324
96,2,48,24,2,0,24,3,0,3,3,6,0,0,1,3|-0.0520
96,2,48,24,2,2,24,3,0,0,6,6,0,0,1,3|0.0344
96,2,48,24,2,2,24,3,1,0,0,12,0,0,1,3|-0.0086
96,2,48,24,3,2,24,3,0,0,1,12,2,0,0,3|0.0791
96,2,48,24,3,2,24,3,0,1,12,3,2,0,3,0|0.1875
1,0,48,0,96,2,24,24,3,2,12,3,2,1,3,3|0.3465
1,2,48,24,96,2,24,3,3,1,12,3,2,3,3,0|0.5863
1,2,48,24,96,3,24,6,3,3,12,0,2,1,3,0|0.4168
1,2,48,24,96,6,24,6,3,1,12,0,2,1,3,0|0.4879
0,3,48,24,96,6,24,6,0,3,1,12,12,2,1,3|0.1898
96,3,48,24,0,6,24,6,12,3,1,12,2,2,1,3|0.4025
96,3,48,24,0,6,24,6,12,3,1,12,3,2,3,3|0.4058
96,3,48,24,0,6,24,6,12,3,1,12,3,3,2,6|0.3999
96,3,48,24,12,6,24,6,3,6,3,12,0,0,1,6|0.3148
96,3,48,24,12,6,24,6,3,6,3,12,0,1,6,1|0.5504
96,3,48,24,12,12,24,6,3,1,3,12,0,3,6,1|0.5067
96,3,48,24,24,24,6,2,3,1,3,12,3,6,1,0|0.3639
96,3,48,24,2,48,6,2,3,1,3,12,0,3,6,1|-0.2482
96,3,48,24,2,48,6,2,3,1,3,12,3,6,1,1|-0.0495
0,2,0,0,2,3,1,0,3,0,2,0,1,3,0,1|3.1859
0,0,1,0,2,2,0,0,3,3,1,0,1,3,2,1|3.2849
2,2,1,0,3,3,1,0,1,3,2,1,2,0,0,0|3.3839
0,2,2,1,0,3,3,1,0,1,3,3,3,2,0,0|3.3227
2,2,1,0,3,3,1,0,1,3,3,1,3,2,0,0|3.4414
2,2,1,0,3,6,1,1,1,2,3,0,3,1,0,0|3.4400
2,3,0,1,3,6,1,1,3,3,0,0,3,1,0,0|3.2185
2,3,1,0,3,6,1,1,6,0,0,2,3,1,0,0|3.1869
2,3,0,0,3,3,1,0,6,6,1,1,3,1,0,2|3.2551
2,3,0,0,6,1,0,0,12,1,1,3,3,1,2,0|3.0333
2,3,0,2,6,1,0,0,12,1,0,0,3,1,3,3|2.9813
2,3,0,3,6,1,0,2,12,1,0,0,3,1,3,3|3.0492
2,3,3,0,6,1,2,0,12,1,0,0,3,1,6,2|3.0369
2,6,0,3,6,3,0,0,12,1,0,0,3,1,6,2|2.8246
0,2,6,3,1,6,3,0,0,12,1,0,3,1,6,2|2.9621
1,2,6,3,0,6,3,0,3,12,1,2,0,1,6,2|3.0495
0,3,6,3,0,0,6,3,2,3,12,3,0,1,6,2|2.7968
3,6,3,3,0,6,3,0,2,3,12,3,1,6,2,0|2.8839
3,12,6,3,2,3,12,3,1,6,2,0,0,1,0,0|2.6909
3,12,6,6,3,3,12,0,0,6,2,0,3,1,0,0|2.4278
6,12,6,6,0,3,12,0,3,6,2,0,1,1,0,0|2.3945
6,12,6,6,3,3,12,0,1,6,2,0,2,1,0,0|2.4911
6,12,6,6,3,3,12,0,3,6,2,0,2,1,0,0|2.4376
6,12,6,6,6,3,12,0,2,6,2,0,3,1,0,0|2.4040
12,12,6,6,2,3,12,0,3,6,2,0,3,1,0,0|2.2602
12,12,6,6,2,3,12,0,6,6,2,0,1,1,0,0|2.2362
24,6,6,0,2,3,12,0,12,2,0,1,1,1,0,0|1.7521
24,6,6,0,2,3,12,1,12,3,0,0,1,2,0,0|1.7179
24,12,0,0,2,3,12,1,12,3,0,0,3,0,0,3|1.4236
24,12,12,1,2,6,0,0,12,0,0,3,3,3,0,0|1.3090
24,24,1,2,2,6,0,0,12,0,3,0,6,0,0,0|0.8944
48,1,2,0,2,6,0,0,12,3,0,1,6,0,0,0|0.1196
48,3,0,0,2,6,0,0,12,3,1,2,6,0,0,0|0.0646
48,3,0,0,2,6,1,2,12,3,0,0,6,0,0,1|0.1595
48,0,2,0,2,3,0,0,12,6,1,2,6,3,0,1|0.1943
48,0,0,1,2,3,2,0,12,6,0,0,6,3,1,3|0.1589
48,0,1,1,2,3,2,0,12,6,0,0,6,3,1,3|0.2533
48,3,3,1,2,6,0,0,12,3,1,3,6,0,0,3|0.2176
48,6,1,3,2,6,0,0,12,3,1,3,6,0,3,0|0.1517
48,12,1,3,2,3,1,3,12,0,3,0,6,0,2,0|0.0456
48,12,1,6,2,3,1,0,12,0,3,0,6,0,2,1|-0.0006
48,12,1,6,2,3,1,0,12,3,0,0,6,2,1,3|0.0931
48,12,1,6,2,6,1,0,12,2,1,3,6,1,0,0|0.0865
48,12,1,6,2,6,1,3,12,3,1,0,6,0,0,3|-0.0102
48,12,1,6,2,6,1,3,12,3,1,3,6,0,0,6|0.0030
48,12,1,6,2,6,1,6,12,3,1,6,6,0,0,1|-0.0241
48,12,1,12,2,6,1,6,12,3,1,1,6,0,0,2|-0.1213
48,12,1,12,2,6,1,6,12,3,1,1,6,0,2,2|-0.0287
48,12,1,12,2,6,1,6,12,3,3,3,6,0,2,0|-0.2362
48,12,1,12,2,6,1,6,0,12,3,6,1,6,0,2|-0.2840
48,12,1,12,2,6,1,6,12,3,6,0,1,6,2,2|-0.1019
3,0,2,3,1,1,2,0,0,3,0,0,3,0,0,1|9.7931
3,1,2,3,1,3,2,0,3,0,0,1,0,2,0,0|9.9793
0,3,3,3,2,1,3,2,0,3,0,1,0,0,2,0|9.9760
3,3,3,1,3,3,2,0,3,0,1,0,0,2,0,0|9.9833
6,6,3,1,3,0,3,0,0,2,0,0,0,3,0,0|9.7313
6,6,6,1,3,2,0,0,0,3,0,0,0,0,1,0|9.7898
6,6,6,1,3,2,0,0,0,3,1,0,0,0,1,0|9.9688
12,6,1,0,3,2,0,0,3,1,0,0,0,1,0,3|9.9185
12,6,1,0,6,3,0,0,0,1,0,3,2,0,0,0|9.7888
12,6,1,0,6,3,0,3,2,1,0,0,0,0,0,1|9.9697
12,6,1,0,6,3,3,2,3,0,0,0,0,0,1,0|10.0012
12,6,1,0,6,6,2,3,3,0,0,0,0,1,0,0|9.9934
12,12,3,3,6,0,0,0,3,1,0,0,0,0,0,2|9.8061
24,3,3,0,6,0,0,0,3,1,0,0,0,0,2,1|9.6195
24,3,3,0,6,1,0,0,3,0,2,1,0,0,3,0|9.7836
24,6,0,0,6,1,0,0,3,2,1,2,0,3,0,0|9.8282
24,6,0,0,6,1,0,0,3,3,2,1,3,0,0,0|9.8636
24,6,0,0,6,1,2,1,6,3,0,0,2,0,0,0|9.9096
24,6,0,0,6,3,1,2,6,3,0,0,2,0,0,0|9.9262
24,6,1,2,12,6,0,0,2,0,0,0,0,0,3,0|9.7336
24,12,1,2,12,0,0,0,2,0,3,0,0,0,3,0|9.6716
24,12,1,2,12,0,3,0,2,0,3,0,0,0,2,0|9.8603
24,12,3,0,12,3,0,0,2,3,0,3,0,2,0,0|9.8997
24,12,3,0,12,6,0,3,2,2,0,0,0,0,0,3|9.8998
24,12,3,3,12,6,0,0,2,2,0,3,0,0,0,1|10.0806
24,12,6,2,12,6,0,0,2,2,3,0,0,0,1,0|10.1421
24,12,6,2,12,6,3,0,2,2,1,0,0,0,1,0|10.3343
24,12,6,2,12,6,3,0,2,3,0,0,0,1,0,1|10.3573
24,12,6,2,12,6,3,0,2,3,0,1,0,1,0,1|10.5410
24,12,6,2,12,6,3,0,2,3,1,1,1,0,1,0|10.7355
24,12,6,2,12,6,3,1,3,3,1,0,0,0,1,3|10.7407
24,12,6,3,12,6,3,0,3,3,1,3,0,0,1,1|10.7867
24,12,6,3,12,6,3,0,6,1,3,0,0,1,1,3|10.8134
24,12,6,3,12,6,6,0,6,1,1,3,0,1,0,3|10.8109
24,12,12,3,12,6,1,3,6,1,0,3,0,1,0,1|10.8292
0,24,24,3,12,6,1,3,2,6,1,3,0,0,1,1|10.6983
24,24,3,0,12,6,1,3,2,6,1,3,0,1,1,2|10.8782
24,24,3,3,12,12,1,3,2,1,1,2,0,0,1,2|10.8288
48,3,3,3,24,1,3,0,3,1,2,0,0,1,2,0|9.5503
48,6,3,2,24,1,3,0,3,3,0,0,1,2,0,0|9.4727
48,6,6,2,24,1,0,0,3,3,0,0,1,2,2,0|9.5258
48,12,2,2,24,1,0,0,6,0,0,0,3,2,0,0|9.2498
48,12,2,2,24,1,0,0,6,2,0,0,3,3,0,0|9.4247
48,12,2,2,24,1,0,0,6,2,0,0,6,0,0,1|9.4604
48,12,2,2,24,3,0,0,12,0,0,1,2,0,0,0|9.3070
48,12,2,2,24,3,0,1,12,0,0,0,2,0,0,3|9.4644
48,12,2,2,24,3,1,2,12,0,0,0,2,0,3,0|9.6727
48,12,3,2,24,3,0,2,12,0,3,0,2,0,1,0|9.7219
48,12,3,2,24,3,2,0,12,3,0,0,2,1,0,1|9.9421
48,12,3,2,24,6,2,0,12,1,0,1,2,0,0,6|9.9431
48,12,3,2,24,6,2,1,12,1,0,6,2,0,0,3|10.1150
48,12,3,2,24,6,3,0,12,1,6,1,2,0,3,0|10.1879
48,12,6,2,24,6,6,1,12,1,3,0,2,0,3,0|10.1917
48,12,6,2,24,12,1,1,12,1,3,0,2,3,0,0|10.2465
48,24,6,3,24,1,1,0,12,3,3,0,2,0,0,3|9.8822
48,24,6,3,24,1,1,0,12,3,3,3,2,0,0,2|10.0889
48,24,6,3,24,1,1,0,12,6,3,0,2,0,2,2|10.1766
48,24,6,3,24,1,1,0,12,6,3,2,2,0,2,2|10.3952
48,24,6,3,24,1,1,0,12,6,3,2,2,2,2,2|10.6349
48,24,6,3,24,1,1,2,12,6,3,2,2,2,2,1|10.8355
48,24,6,3,24,1,3,0,12,6,3,2,2,2,3,3|10.7072
48,24,6,3,24,1,6,2,12,6,3,3,2,2,0,3|10.7699
48,24,12,3,24,1,3,2,12,6,0,6,2,2,1,0|10.6436
48,24,12,3,24,1,3,2,12,6,6,3,2,3,0,0|10.6884
48,24,12,3,24,1,3,2,12,12,3,1,2,3,0,0|10.7143
48,24,12,3,24,1,3,2,24,3,1,3,2,3,0,0|10.5212
48,24,12,3,48,1,3,2,2,6,1,3,0,3,0,0|9.6792
96,24,12,3,2,1,3,2,0,6,1,3,3,3,0,0|7.2783
96,24,12,3,3,3,2,1,6,1,3,0,6,0,0,0|7.1884
96,24,12,3,6,2,1,2,6,1,3,0,6,0,0,0|7.2597
96,24,12,3,12,3,1,2,6,0,3,0,0,2,0,0|7.1222
96,24,12,3,12,3,1,2,6,2,3,0,0,1,0,0|7.3757
96,24,12,3,12,3,3,3,6,2,3,0,1,0,0,0|7.4104
96,24,12,3,12,6,3,1,6,2,3,0,1,0,0,0|7.5163
96,24,12,3,12,6,6,1,6,2,0,0,1,0,2,0|7.5833
96,24,12,3,12,6,6,1,6,2,2,0,1,0,1,0|7.8315
96,24,12,3,12,6,6,1,6,2,3,0,1,0,2,0|7.9209
96,24,12,3,0,12,12,1,0,6,2,3,1,1,0,2|7.9216
96,24,24,3,0,12,2,1,1,6,0,3,0,1,3,2|7.7534
96,48,3,3,12,2,1,0,1,6,3,0,1,3,2,0|7.1165
96,48,6,0,12,3,0,2,1,6,3,0,1,3,2,0|7.0208
96,48,6,0,12,3,2,3,1,6,3,0,1,3,2,0|7.2663
96,48,6,3,12,3,2,0,1,6,3,0,1,3,2,1|7.4932
96,48,6,3,12,3,2,0,1,6,3,1,1,3,2,2|7.7413
96,48,6,3,6,12,3,2,1,6,3,1,1,3,2,2|7.8607
96,48,6,3,6,12,6,3,1,6,2,2,1,3,1,0|7.8214
96,48,12,6,6,12,2,2,1,6,1,0,1,3,0,3|7.7134
96,48,12,6,6,12,3,2,1,6,0,3,1,3,0,2|7.7968
96,48,12,6,6,12,3,2,0,1,6,3,1,1,3,2|8.0715
96,48,12,6,6,12,3,2,1,1,6,3,2,1,3,2|8.3276
96,48,12,6,6,12,3,2,1,1,6,3,3,3,2,3|8.4150
96,48,12,6,6,12,3,2,1,1,6,3,6,2,3,1|8.5439
96,48,12,6,6,12,3,2,1,3,6,3,6,3,3,1|8.5841
96,48,12,6,6,12,3,2,1,6,6,3,6,2,3,1|8.7258
96,48,12,6,6,12,3,2,1,12,3,6,6,2,3,1|8.7189
96,48,12,6,6,24,6,2,1,2,3,6,6,0,2,1|8.4134
96,48,12,6,6,24,6,2,3,3,6,0,6,2,1,3|8.4594
96,48,12,6,6,24,6,2,6,6,0,1,6,3,3,0|8.3669
96,48,12,6,12,24,6,3,6,6,3,0,1,3,0,0|8.3058
96,48,12,6,12,24,6,3,12,3,0,3,1,3,0,0|8.3363
96,48,12,6,24,24,6,6,1,6,0,0,0,0,0,2|7.9083
96,48,12,6,48,6,6,0,1,6,0,0,0,0,2,1|7.2618
96,48,12,6,48,12,6,0,1,0,2,1,0,0,2,0|7.3269
96,48,12,6,48,12,6,0,1,2,1,0,0,2,0,3|7.5835
96,48,12,6,48,12,6,0,3,1,0,1,2,0,3,0|7.6917
96,48,12,6,0,48,12,6,0,3,1,1,1,2,0,3|7.9515
96,96,24,12,0,3,1,1,1,2,0,3,0,2,0,0|5.1230
192,24,12,0,3,1,1,0,3,0,3,12,2,0,0,0|-2.3740
1,0,0,0,192,24,12,0,6,1,1,0,2,0,3,12|-2.1593
0,1,0,0,0,192,24,12,3,6,1,1,0,2,3,12|-1.8729
3,0,1,0,0,192,24,12,3,6,1,1,0,2,3,12|-1.6649
3,1,0,0,192,24,12,3,3,6,1,1,2,3,12,0|-1.3451
0,3,1,0,192,24,12,3,3,6,1,1,2,2,3,12|-1.0836
2,0,3,1,192,24,12,3,3,6,1,1,2,2,3,12|-0.7705
1,2,3,1,192,24,12,3,3,6,1,1,2,2,3,12|-0.4455
2,3,3,1,192,24,12,3,3,6,1,1,2,2,3,12|-0.3088
1,2,6,1,192,24,12,3,3,6,1,1,2,2,3,12|-0.1403
0,0,3,3,2,0,2,0,0,3,0,3,1,0,2,1|9.4108
2,0,0,6,0,2,0,2,0,0,3,3,0,1,0,3|9.3135
0,2,0,6,1,0,2,2,0,0,0,6,0,0,1,3|9.3766
1,2,2,6,0,0,0,2,0,0,1,6,0,0,1,3|9.5803
1,2,2,6,0,0,1,2,0,0,1,6,0,0,3,3|9.7046
1,2,3,6,0,0,1,2,0,0,3,6,0,0,1,3|9.7294
3,3,6,0,0,1,2,0,0,3,6,0,0,1,3,2|9.7547
6,6,0,0,1,2,0,3,3,6,0,0,1,3,2,0|9.7506
12,0,0,0,3,0,3,2,3,6,0,0,1,3,2,0|9.5471
12,0,0,0,3,3,2,1,3,6,0,0,1,3,2,0|9.7141
12,0,0,0,6,2,1,1,3,6,0,0,1,3,2,0|9.7718
12,0,0,0,6,3,1,3,3,6,0,0,1,3,2,0|9.7600
12,3,1,3,6,6,0,0,3,3,2,0,1,0,2,0|9.9187
12,3,1,3,12,0,0,0,6,2,0,0,1,2,0,3|9.7181
12,3,1,3,0,12,0,0,0,6,2,0,2,1,2,3|9.9081
12,3,1,3,12,0,0,1,6,2,0,0,3,2,3,0|9.9287
24,3,1,3,6,2,0,1,3,2,3,0,0,3,0,0|9.7299
24,3,1,3,6,2,1,3,3,2,3,0,3,0,0,0|9.8717
24,3,1,6,6,2,1,0,6,2,3,0,2,0,0,0|9.7942
24,3,1,6,6,3,0,3,6,2,3,0,2,0,0,0|9.7672
24,6,1,6,12,2,3,3,2,0,0,0,0,0,1,0|9.6309
24,6,1,6,12,2,6,1,2,0,0,0,0,1,0,0|9.7153
24,6,1,6,12,2,6,1,2,1,0,0,0,1,0,0|9.8903
24,6,1,6,12,2,6,1,3,0,0,0,1,0,0,2|9.9160
24,6,1,6,12,2,6,1,3,0,0,2,1,0,0,3|10.0623
24,6,1,6,12,2,6,3,3,0,0,3,1,0,0,1|10.0793
24,6,1,6,12,2,6,6,3,0,0,1,1,0,0,2|10.1069
24,6,1,6,12,2,12,0,3,0,1,2,1,0,2,0|10.1153
24,6,1,6,12,2,12,2,3,0,3,0,1,0,2,0|10.2043
24,6,1,6,12,2,12,2,3,3,0,0,1,2,0,3|10.3341
24,6,1,6,12,2,12,2,6,0,0,0,3,0,3,1|10.2245
24,6,1,6,12,2,12,2,6,0,0,0,3,3,1,2|10.3957
24,6,1,6,12,2,12,2,6,0,0,0,6,1,2,3|10.4176
24,6,1,6,12,2,12,2,12,1,2,3,0,0,1,0|10.4402
24,6,1,6,24,3,12,2,0,0,3,3,0,0,3,0|9.8735
48,6,1,6,0,3,12,2,0,0,6,3,2,0,0,0|8.9876
48,6,1,6,3,12,2,0,0,6,3,1,2,0,0,0|9.1624
48,6,3,6,3,12,3,1,2,6,0,0,0,0,3,0|9.1780
48,6,6,6,3,12,0,1,2,6,3,0,0,0,2,0|9.1943
48,6,6,6,3,12,3,1,2,6,2,0,0,0,1,0|9.4214
48,12,6,3,3,12,3,1,2,6,2,0,0,1,0,0|9.3893
48,24,6,3,3,6,3,1,2,1,2,0,0,3,0,0|9.1280
48,24,6,3,3,6,3,1,3,2,0,1,3,0,0,0|9.1675
48,24,6,3,6,6,3,1,3,2,0,1,1,0,0,0|9.2177
48,24,6,3,12,3,1,3,3,2,1,0,1,0,0,0|9.1988
48,24,6,6,12,3,1,0,3,2,1,0,1,0,0,1|9.2307
48,24,12,0,12,3,1,0,3,3,0,2,1,0,1,0|9.0635
48,24,12,0,12,3,1,0,6,0,2,0,1,1,0,2|9.1270
48,24,12,0,12,3,3,0,6,1,0,2,1,2,0,0|9.1815
48,24,12,0,12,6,0,0,6,1,2,3,3,0,0,0|9.0467
48,24,12,0,12,6,2,3,6,1,0,0,3,0,1,0|9.2829
48,24,12,3,12,6,2,0,6,1,1,0,3,0,2,0|9.4899
48,24,12,3,12,6,3,0,6,1,2,0,3,0,3,0|9.5077
48,24,12,3,12,6,3,0,6,3,0,3,3,3,0,0|9.4965
48,24,12,3,12,6,3,3,6,6,0,0,3,0,0,2|9.5362
48,24,12,3,12,6,6,1,12,0,0,0,3,0,2,0|9.4167
48,24,12,3,12,12,1,1,12,0,0,0,3,2,0,0|9.4482
48,24,12,3,24,1,1,1,12,0,0,0,3,2,0,0|9.3206
48,24,12,3,24,1,1,1,12,2,0,0,3,3,0,0|9.5140
48,24,12,3,24,1,1,1,12,2,0,0,6,0,0,2|9.5582
48,24,12,3,24,3,1,1,12,0,0,2,6,3,0,0|9.5535
48,24,12,3,24,3,1,3,12,3,0,0,6,2,0,0|9.6497
48,24,12,6,24,6,1,0,12,2,0,0,6,2,0,0|9.5868
48,24,12,6,0,24,6,1,1,12,2,0,0,6,2,0|9.7850
48,24,12,6,24,6,1,0,1,12,2,0,6,2,0,6|9.9741
48,24,12,6,24,6,3,0,1,12,0,6,6,2,0,2|10.0143
48,24,12,6,0,24,6,3,0,1,12,6,2,6,2,2|10.2354
48,24,12,6,24,6,3,3,1,12,6,0,2,6,2,2|10.4076
48,24,12,6,24,6,6,3,1,12,6,0,2,6,2,2|10.4308
48,24,12,6,24,6,12,3,3,12,2,2,2,6,0,0|10.3351
48,24,24,6,24,6,2,3,3,12,0,2,2,6,6,0|10.0504
48,24,24,6,24,6,2,3,3,12,6,2,2,6,2,0|10.3467
48,48,6,3,24,6,2,3,3,12,6,2,2,6,2,0|9.6042
48,48,6,6,24,6,2,2,3,12,6,0,2,6,2,1|9.6627
96,6,6,1,24,6,2,2,3,12,6,0,2,6,3,0|7.1823
96,12,1,1,24,6,2,2,3,12,6,0,2,6,3,0|7.2031
96,12,3,3,24,6,6,0,3,12,3,0,2,6,1,0|7.1249
96,12,6,3,24,12,0,0,3,12,3,0,2,6,1,0|6.9379
96,24,6,3,24,12,3,0,3,6,1,0,2,0,1,0|6.7820
96,24,6,3,24,12,3,0,3,6,1,0,2,1,0,2|7.0073
96,24,6,3,24,12,3,0,3,6,1,0,3,0,2,3|7.0437
96,24,6,3,24,12,3,0,6,6,3,3,0,0,0,1|6.9613
96,24,6,3,24,12,3,0,12,3,3,0,0,0,1,3|6.9801
96,24,6,3,24,12,6,0,12,3,1,3,0,0,2,0|7.0701
96,24,12,3,24,12,1,3,12,3,2,0,0,0,3,0|7.1113
96,24,12,6,24,12,3,0,12,3,3,0,0,0,1,0|7.0238
96,24,12,6,0,24,12,3,3,12,3,3,0,0,0,1|7.1975
96,48,24,6,3,12,3,6,0,0,0,1,0,0,1,0|6.0624
96,48,24,12,3,12,3,1,0,0,1,0,0,0,0,2|6.1086
96,48,24,12,3,12,3,1,2,0,0,1,0,0,0,2|6.3460
96,48,24,12,3,12,3,1,1,2,0,1,0,0,0,2|6.6048
96,48,24,12,3,12,3,1,3,0,1,0,0,0,2,3|6.6448
96,48,24,12,6,12,3,1,0,0,3,3,0,0,0,3|6.5562
96,48,24,12,6,12,3,1,0,3,3,2,0,0,3,0|6.8089
96,48,24,12,6,12,6,3,0,3,3,0,0,0,2,0|6.7629
96,48,24,12,6,12,6,3,1,0,3,3,0,0,0,2|6.9983
96,48,24,12,6,12,6,3,3,1,0,6,0,0,0,2|7.1150
96,48,24,12,6,12,6,3,1,3,1,6,0,0,0,2|7.4032
96,48,24,12,6,12,6,3,1,3,1,6,0,0,2,1|7.6427
96,48,24,12,6,12,6,3,1,3,3,6,0,0,2,1|7.7336
96,48,24,12,6,12,6,3,2,1,6,6,0,0,0,3|7.6960
96,48,24,12,6,12,6,3,3,6,6,3,0,0,3,0|7.7398
96,48,24,12,6,12,12,6,3,6,3,0,0,0,0,6|7.5550
96,48,24,12,0,6,24,6,3,3,6,3,0,0,0,6|7.3918
96,48,48,12,3,6,6,6,0,3,0,3,0,0,2,6|6.7599
0,96,96,12,2,3,6,12,0,0,3,3,0,0,2,6|4.2996
96,96,12,0,2,3,6,12,0,3,3,2,0,2,6,0|4.6009
96,96,12,12,2,6,6,2,0,2,3,0,0,1,6,0|4.7336
96,96,12,12,2,6,6,2,0,3,3,0,0,1,6,0|4.8479
0,96,96,24,0,2,12,2,3,0,3,3,0,0,1,6|4.5237
0,96,96,24,3,2,12,2,0,0,3,3,3,0,1,6|4.7611
96,96,24,0,3,2,12,2,0,3,3,1,3,1,6,0|5.0301
96,96,24,2,3,2,12,1,3,3,3,0,0,1,6,2|5.3307
96,96,24,3,6,2,12,0,0,3,3,2,1,1,6,0|5.2930
192,24,3,3,6,2,12,0,3,3,2,0,1,1,6,0|-1.8132
192,24,3,6,6,2,12,3,3,3,2,0,1,1,6,0|-1.5977
192,24,3,6,6,2,12,3,0,3,3,2,2,1,1,6|-1.3405
2,24,3,6,192,2,12,3,6,3,3,2,2,1,1,6|-0.9116
2,24,3,6,192,2,12,3,0,6,6,2,3,3,1,6|-0.9910
2,24,3,6,192,2,12,3,0,0,12,2,3,6,1,6|-1.0687
2,24,3,6,192,2,24,3,3,6,1,2,0,2,0,6|-1.0746
2,24,3,6,192,2,24,3,1,3,6,3,0,0,2,6|-0.9488
0,1,3,0,2,24,24,6,192,2,6,6,1,3,2,6|-0.8512
1,0,1,3,0,2,48,6,0,192,2,12,1,3,2,6|-1.6718
1,1,3,0,2,48,6,0,192,2,12,3,1,3,2,6|-1.3506
1,1,1,3,0,2,48,6,192,2,12,3,1,3,2,6|-1.1476
0,3,1,3,1,3,48,6,192,2,12,3,1,3,2,6|-0.9627
1,6,1,3,192,2,48,6,1,3,12,3,0,2,2,6|-0.7660
2,6,1,3,1,2,48,6,192,3,12,3,1,2,2,6|-0.4974
2,6,1,3,0,3,48,6,192,3,12,3,3,3,2,6|-0.6169
2,6,1,3,3,48,6,2,192,3,12,3,6,2,6,0|-0.3644
