0,0,0,0,1,0,1,3,1,3,0,0,2,1,2,2|3.1411
0,0,3,0,0,0,0,0,1,3,1,3,3,1,2,2|3.0995
0,0,3,0,1,3,1,3,3,1,2,2,0,0,0,2|3.2078
3,0,0,3,1,3,1,3,0,3,3,2,0,0,0,2|3.1159
3,3,1,6,1,3,3,2,0,0,0,2,0,0,3,0|3.0640
3,6,1,6,1,0,3,2,0,0,3,2,0,0,2,0|3.0519
3,6,1,6,1,3,2,1,0,3,2,0,0,2,0,0|3.1497
3,6,3,6,1,6,2,1,0,2,0,0,0,0,2,0|2.9674
3,6,3,6,1,6,3,1,2,0,0,0,0,2,0,0|2.8949
3,12,6,6,3,0,0,1,0,2,0,0,3,0,0,0|2.4523
6,12,6,6,0,2,0,1,3,0,0,0,0,3,0,0|2.3996
6,12,12,0,2,0,1,1,3,0,0,0,3,0,0,0|2.3068
6,24,0,3,2,1,1,0,3,0,0,0,3,0,0,0|2.0138
6,24,1,3,2,1,0,0,6,0,0,0,2,0,0,0|2.0407
6,24,1,3,3,0,0,1,6,0,0,0,2,0,0,0|1.9475
6,24,1,3,3,0,1,2,6,0,0,0,2,0,0,0|2.0442
6,24,1,3,3,1,2,1,6,0,0,0,2,0,0,0|2.1707
6,24,3,3,3,1,0,1,6,0,0,0,2,0,2,0|2.1070
6,24,3,3,3,1,0,1,6,0,2,0,2,0,2,0|2.2033
6,24,3,3,3,1,2,1,6,0,2,0,2,0,1,0|2.2994
6,24,6,0,3,3,1,0,6,2,0,3,2,1,0,0|2.0953
6,24,6,0,3,3,1,3,6,3,0,0,2,2,0,0|2.0611
6,24,6,3,3,6,1,0,6,2,0,0,2,0,0,3|2.0068
6,24,6,3,0,3,6,1,2,6,2,0,0,2,0,3|2.1023
6,24,6,3,3,6,1,0,2,6,2,0,2,0,3,3|2.1477
6,24,6,3,3,12,3,0,2,0,3,3,2,3,0,0|1.8329
6,24,6,3,3,12,6,3,2,3,0,0,2,0,0,1|1.7980
6,24,12,6,3,12,0,0,2,3,0,1,2,0,0,1|1.5429
6,24,12,6,0,3,12,0,0,2,3,1,1,2,0,1|1.6477
6,24,12,6,3,12,0,0,2,3,1,3,3,0,1,0|1.5723
6,24,12,6,0,3,12,0,2,3,1,3,3,3,0,1|1.6368
6,24,24,6,2,6,1,3,3,3,0,1,0,0,0,1|1.2711
6,48,6,0,2,6,1,3,6,0,1,1,0,0,1,0|0.3353
6,48,6,0,2,6,1,3,6,1,1,0,0,1,0,2|0.4493
6,48,6,3,2,6,1,0,6,1,1,2,0,1,0,2|0.5431
6,48,6,3,2,2,6,1,0,6,1,3,0,0,1,2|0.5168
6,48,6,3,2,2,6,1,6,1,3,0,0,1,2,2|0.5903
6,48,12,3,2,3,3,1,6,1,2,2,0,0,0,3|0.2936
6,48,12,3,3,2,6,1,0,6,3,2,0,0,0,3|0.0868
6,48,12,3,3,2,6,3,0,6,3,3,0,0,0,1|0.0098
6,48,12,6,3,2,6,3,0,6,3,1,0,0,0,3|-0.0474
6,48,12,6,3,2,6,3,6,3,1,0,0,0,3,1|0.0452
6,48,12,6,3,2,6,3,1,6,3,1,0,0,3,1|0.1577
6,48,12,6,3,2,6,3,1,6,3,1,0,3,1,2|0.2500
6,48,12,6,3,2,6,3,1,6,3,1,3,1,2,3|0.3421
6,48,12,6,3,2,6,3,1,6,3,1,3,3,3,1|0.2641
6,48,12,6,3,2,6,3,1,6,3,1,6,3,1,2|0.2358
6,48,12,6,3,2,6,3,1,6,3,3,6,3,1,3|0.1474
6,48,12,6,3,2,6,3,1,6,6,1,6,3,1,3|0.1288
2,3,0,1,0,0,0,3,0,1,0,1,2,3,2,0|6.5045
2,3,0,1,0,1,0,3,2,3,2,1,0,1,0,0|6.6470
2,3,1,0,1,0,3,3,2,3,3,0,1,0,0,0|6.5698
0,2,3,1,0,1,0,6,2,2,3,3,0,1,0,0|6.5929
0,3,3,1,2,2,3,6,0,1,0,3,1,0,0,0|6.5961
0,0,6,1,2,2,3,6,2,0,1,3,0,1,0,0|6.6296
0,6,1,3,2,2,3,6,2,1,3,0,1,0,0,0|6.7234
2,0,0,0,0,6,1,3,2,2,3,6,3,1,3,0|6.7273
2,0,0,0,6,1,3,3,2,2,3,6,3,1,3,0|6.8316
2,1,3,3,6,2,3,6,2,1,3,0,3,0,0,1|6.9360
2,3,6,3,6,1,3,6,2,0,0,1,3,0,3,0|6.8207
2,3,6,3,6,1,3,6,1,2,0,1,0,3,0,3|6.9557
2,3,6,3,6,3,3,6,1,3,0,1,0,3,0,3|6.8909
2,6,6,3,6,3,3,6,1,3,0,1,0,1,0,3|6.9064
0,2,12,3,2,6,6,6,0,1,3,1,0,0,1,3|6.7521
0,2,12,3,2,2,6,12,0,1,3,1,0,0,1,3|6.6981
2,2,12,3,0,3,6,12,0,0,3,1,1,0,1,3|6.6743
2,2,12,3,0,3,6,12,1,0,3,1,3,0,1,3|6.7808
2,2,12,3,1,3,6,12,3,0,3,1,2,0,1,3|6.9276
3,2,12,3,3,3,6,12,2,0,3,1,2,0,1,3|6.9146
3,2,12,3,3,6,6,12,0,2,3,1,0,2,1,3|6.9119
3,2,12,3,0,3,12,12,0,2,3,1,3,0,3,3|6.6395
3,2,24,3,0,3,3,12,3,2,3,1,2,0,0,3|6.4474
3,2,24,3,3,3,6,12,2,2,0,1,1,0,0,3|6.4156
6,2,24,3,2,3,6,12,1,2,0,1,2,0,0,3|6.4340
6,2,24,3,3,3,6,12,2,2,0,1,1,0,0,3|6.4327
6,2,24,3,3,3,6,12,3,2,0,1,1,0,0,3|6.4318
6,2,24,3,6,3,6,12,1,2,0,1,3,0,0,3|6.4111
12,2,24,3,1,3,6,12,3,2,0,1,2,0,0,3|6.3907
12,2,24,3,1,3,6,12,1,3,2,1,0,2,0,3|6.5406
12,2,24,3,1,6,6,12,1,2,2,1,0,3,0,3|6.5308
12,2,24,3,0,1,12,12,3,1,2,3,0,0,3,3|6.2313
12,3,24,3,3,1,12,12,0,0,2,6,0,0,3,2|6.1321
12,3,24,3,3,1,24,0,0,2,6,2,0,3,2,0|5.8733
12,3,48,3,3,3,6,2,0,3,2,0,0,0,2,0|4.9347
12,6,48,3,3,3,6,2,0,0,2,0,0,1,2,0|4.9165
12,6,48,3,6,6,2,0,0,2,0,0,1,2,0,3|4.8685
12,6,48,3,12,2,0,0,2,0,0,0,3,0,3,1|4.6710
12,6,48,3,12,2,0,0,2,0,0,0,3,3,1,3|4.7837
24,6,48,3,2,2,0,0,3,3,1,3,0,0,0,1|4.5668
24,6,48,3,2,2,1,3,3,3,0,1,0,0,1,0|4.7402
24,6,48,3,2,3,3,2,6,0,1,0,0,1,0,0|4.6039
24,6,48,3,2,3,3,2,6,1,1,0,0,3,0,0|4.7580
24,6,48,3,2,6,2,1,6,1,1,0,3,0,0,0|4.7824
24,12,48,3,2,1,3,1,6,0,0,0,3,0,2,0|4.5272
24,12,48,3,3,3,1,0,6,0,0,0,3,2,0,2|4.5023
24,12,48,3,3,3,1,0,6,2,0,2,3,0,0,1|4.6578
24,12,48,3,6,1,0,0,6,2,2,0,3,0,1,2|4.6136
24,12,48,3,12,3,2,0,3,0,1,2,0,3,0,0|4.4198
24,12,48,3,12,3,3,2,3,3,0,0,0,0,0,3|4.3964
24,12,48,3,12,6,2,0,6,0,0,0,0,0,3,1|4.2633
24,12,48,3,12,6,2,0,6,0,3,1,0,0,0,3|4.3906
24,12,48,3,12,6,2,0,6,3,1,6,0,0,3,0|4.4683
24,12,48,3,12,6,3,6,6,3,3,0,0,0,0,1|4.4364
24,12,48,3,12,6,6,6,6,3,0,1,0,0,0,2|4.4348
24,12,48,3,12,6,6,6,6,3,0,3,0,0,0,1|4.4436
24,12,48,3,12,12,6,3,6,3,3,0,0,0,1,0|4.3629
24,12,48,3,24,6,3,3,6,6,0,0,0,1,0,0|3.9725
48,12,48,6,6,12,3,0,0,1,0,0,0,0,0,1|2.8925
48,24,48,6,6,1,3,0,0,0,0,1,0,0,0,3|2.6330
48,24,48,6,6,1,3,0,0,0,1,2,0,0,3,0|2.7838
48,24,48,6,6,1,3,0,0,1,2,3,0,3,0,0|2.9150
48,24,48,6,6,1,3,0,1,2,3,0,3,0,0,2|3.0567
48,24,48,6,6,3,6,0,1,0,0,2,3,0,0,1|2.8988
48,24,48,6,6,3,6,2,1,0,0,1,3,0,0,2|3.0813
48,24,48,6,6,3,6,3,1,0,0,2,3,0,0,6|3.0143
48,24,48,6,6,3,6,3,1,0,2,0,3,0,6,1|3.1876
48,24,48,6,6,3,6,3,1,2,0,0,3,6,1,1|3.3414
48,24,48,6,6,3,6,3,3,0,0,2,3,6,1,1|3.3157
48,24,48,6,6,3,6,3,6,6,1,3,2,0,0,0|3.2204
48,24,48,6,12,3,6,6,2,6,1,0,0,0,0,3|3.0156
48,24,48,6,12,3,12,0,2,6,1,0,0,0,3,1|3.0012
48,24,48,6,12,3,12,0,2,6,1,1,0,0,3,3|3.1272
48,24,48,6,12,3,12,1,2,6,1,3,0,0,3,2|3.3438
48,24,48,6,12,3,12,1,2,6,1,3,0,3,2,3|3.4608
48,24,48,6,12,3,12,1,2,6,3,6,0,3,2,0|3.3383
48,24,48,6,12,3,12,1,2,6,3,6,1,0,3,2|3.4862
48,24,48,6,12,3,12,1,3,6,6,6,0,0,3,2|3.3047
48,24,48,6,12,3,12,1,3,12,6,0,0,3,2,3|3.2636
48,24,48,6,12,3,12,1,1,3,12,6,0,3,2,3|3.4231
48,24,48,6,12,6,24,1,1,3,2,6,0,0,2,3|3.0730
48,24,48,6,12,6,24,1,1,3,2,6,0,2,3,2|3.2534
48,24,48,6,12,6,24,1,1,3,2,6,2,3,2,1|3.3944
48,24,48,6,12,6,24,1,3,6,2,6,0,1,2,1|3.2758
48,24,48,6,12,12,24,1,3,1,2,6,0,3,2,1|3.1878
48,24,48,6,24,24,1,0,3,3,6,0,3,2,1,1|2.7803
48,24,48,6,48,1,0,0,6,6,0,0,3,3,1,3|1.6733
96,24,48,6,6,1,0,0,3,6,1,3,0,3,0,2|-0.6831
96,24,48,6,6,1,0,0,3,6,1,3,3,0,2,2|-0.5290
96,24,48,6,6,1,1,3,6,6,2,2,0,0,3,0|-0.4743
96,24,48,6,12,1,3,3,0,6,3,2,1,0,0,0|-0.6791
96,24,48,6,12,1,6,3,1,6,0,2,3,0,0,0|-0.6334
96,24,48,6,12,1,6,3,0,1,6,2,3,3,0,0|-0.5270
96,24,48,6,12,1,12,3,3,1,0,2,0,3,1,0|-0.5501
96,24,48,6,12,1,12,3,2,3,1,2,0,0,3,1|-0.3427
96,24,48,6,12,1,12,3,2,3,3,0,0,3,1,1|-0.3346
96,24,48,6,12,1,12,3,2,6,0,12,3,1,1,0|-0.5360
96,24,48,6,12,1,12,3,0,2,6,12,2,3,1,1|-0.3667
96,24,48,6,12,1,12,3,2,6,12,3,2,3,1,1|-0.1969
96,24,48,6,12,1,24,6,2,6,1,1,2,3,2,0|-0.5365
96,24,48,6,12,1,24,6,2,6,1,1,1,2,3,2|-0.3654
96,24,48,6,12,1,24,6,2,6,1,1,2,3,3,2|-0.3338
96,24,48,6,12,1,24,6,2,6,1,1,3,2,6,2|-0.2815
96,24,48,12,12,1,24,1,2,6,1,2,3,2,6,3|-0.3286
96,24,48,12,12,1,24,1,1,2,6,3,3,2,6,3|-0.3750
96,0,2,0,12,24,48,12,1,3,24,1,3,2,12,6|-0.6808
96,24,2,12,12,3,48,1,1,2,24,6,3,2,12,0|-0.3760
96,24,2,1,12,3,48,12,1,2,24,1,3,2,12,6|-0.2105
96,24,3,1,12,3,48,12,3,24,1,0,3,2,12,6|-0.2843
2,24,3,0,96,3,48,1,12,24,1,12,6,2,12,6|-0.0975
2,2,1,0,0,0,0,1,3,2,0,1,1,0,3,0|6.6648
0,0,0,3,2,2,1,0,3,0,0,1,1,2,3,1|6.7788
0,0,0,3,0,2,2,1,0,3,0,1,2,3,3,1|6.7832
0,0,3,3,2,2,1,0,3,0,1,0,2,6,1,0|6.7778
2,2,3,3,3,0,1,0,2,6,1,0,2,0,1,0|6.9226
2,2,6,0,3,1,0,0,2,6,1,0,2,1,0,2|6.9477
2,3,6,0,3,6,1,0,2,1,0,2,2,0,1,0|6.9230
0,2,3,6,0,3,6,1,0,2,1,2,1,2,0,1|7.0486
2,3,6,0,3,6,1,3,2,1,2,0,3,0,1,0|7.0244
0,2,3,6,3,6,1,3,0,2,1,2,3,3,0,1|7.1305
2,2,0,0,0,6,3,6,3,2,1,3,3,3,1,3|7.1269
2,2,3,6,3,6,1,3,3,2,1,3,3,3,0,0|7.2535
2,2,3,6,3,6,1,3,1,3,3,3,0,3,3,0|7.2304
2,2,3,6,3,6,1,6,1,6,6,0,0,2,0,0|6.9976
2,2,3,12,3,12,1,0,1,2,6,0,0,1,0,0|6.7751
2,2,3,12,0,3,12,1,3,1,2,6,0,0,1,0|6.8928
2,2,3,12,3,3,12,1,0,1,3,6,1,0,0,0|6.8808
2,2,3,12,6,12,1,0,1,3,6,2,1,0,0,0|6.8991
2,2,3,12,6,12,1,2,1,3,6,0,1,0,0,1|7.0377
2,2,3,12,0,6,12,3,0,1,3,6,3,1,0,1|6.9865
2,2,3,12,0,6,12,3,3,1,3,6,1,1,0,1|7.1357
2,2,3,12,3,6,12,3,1,1,3,6,1,1,0,1|7.2951
2,2,3,12,3,6,12,3,1,1,3,6,2,1,1,1|7.4349
2,2,3,12,3,6,12,3,3,1,3,6,2,1,1,1|7.4349
2,2,3,12,6,6,12,3,2,1,3,6,3,1,1,1|7.4253
2,2,3,12,12,12,3,2,3,3,6,0,3,1,1,1|7.1959
2,2,6,12,12,12,6,2,6,3,1,1,3,1,0,0|7.0269
2,2,12,12,12,12,1,3,6,3,0,0,3,1,0,3|6.7982
1,2,2,24,0,24,1,3,0,6,3,0,0,3,1,3|6.1798
1,2,3,24,0,24,3,3,0,6,1,3,0,3,0,3|6.1117
1,2,6,24,0,24,1,6,0,6,0,3,0,3,2,0|6.0040
1,2,6,24,0,24,1,6,0,6,2,3,0,3,1,0|6.1665
1,2,6,24,0,24,3,6,0,6,1,3,0,3,1,0|6.1594
3,6,24,0,24,3,6,3,6,1,3,0,3,1,0,0|6.1226
3,6,24,3,24,3,6,0,6,1,3,0,3,1,0,2|6.2762
3,6,24,3,2,24,3,6,0,6,1,3,0,3,1,2|6.4701
3,6,24,3,2,24,3,6,0,6,1,3,3,0,3,3|6.4143
3,6,24,3,2,24,3,6,3,6,1,6,2,0,3,0|6.4489
3,6,24,3,2,24,3,6,3,6,1,6,1,2,0,3|6.6039
3,6,3,0,2,24,24,3,3,6,3,12,1,2,1,3|6.5192
3,6,3,3,2,24,24,12,3,6,3,3,1,2,1,3|6.5848
3,6,3,3,2,24,24,12,3,6,3,6,1,2,1,2|6.6008
1,3,6,6,0,2,48,12,3,6,3,6,0,1,2,3|5.5472
1,3,6,6,3,2,48,12,0,6,3,6,3,1,2,3|5.6739
1,1,3,12,3,2,48,12,0,6,3,6,0,3,3,3|5.4610
1,3,3,24,3,6,48,6,0,3,6,3,0,2,0,0|4.9585
1,6,24,0,3,6,48,6,3,6,3,0,2,0,0,3|4.8664
1,12,24,6,6,6,48,0,2,0,3,3,0,3,0,0|4.6446
1,12,24,6,12,48,0,1,2,3,3,0,3,0,0,0|4.6433
1,12,24,6,0,12,48,1,6,2,3,3,0,3,0,0|4.7323
1,24,24,6,6,2,48,1,0,3,3,3,0,1,0,0|4.5617
1,48,6,0,6,2,48,1,3,3,3,0,1,0,0,2|3.8215
1,48,6,0,6,2,48,1,6,3,0,0,1,0,2,2|3.8117
1,48,6,0,6,2,48,1,6,3,0,0,1,2,2,2|3.9724
1,48,6,0,6,2,48,1,6,3,0,0,3,2,2,2|3.9834
3,1,48,6,6,2,48,1,0,6,3,0,3,2,2,2|4.0948
3,3,96,6,6,6,3,1,3,2,2,2,3,0,0,0|1.4467
3,3,96,6,6,6,3,3,6,2,2,0,0,0,0,1|1.2990
3,3,96,6,12,6,3,3,0,2,2,1,1,0,0,0|1.2617
6,96,6,0,12,6,6,1,2,2,1,0,1,0,0,0|1.1349
6,96,6,0,12,12,1,0,2,3,0,3,1,0,0,0|0.9185
6,96,6,0,12,12,1,3,3,3,0,0,0,0,0,2|0.9225
6,96,6,3,12,12,1,0,3,3,0,2,0,0,0,3|1.0469
6,96,6,3,24,1,0,0,6,0,2,0,0,0,3,1|0.7119
6,96,6,3,24,1,0,0,6,2,0,2,0,3,1,0|0.8772
6,96,6,3,24,3,0,2,6,3,1,0,0,2,0,0|0.8731
6,96,6,3,24,6,1,2,6,2,0,0,0,0,1,0|0.9194
6,96,6,3,0,24,6,3,2,6,2,0,0,0,0,1|0.8761
6,96,12,6,2,24,2,0,0,6,0,1,0,0,1,0|0.7334
6,96,12,6,3,2,24,2,0,0,6,1,0,0,0,1|0.9211
6,96,12,6,3,2,24,3,0,0,6,1,0,0,0,3|0.8993
6,96,12,6,3,2,24,3,0,6,1,3,0,0,3,0|1.0579
6,96,12,6,3,2,24,6,0,6,1,0,0,0,3,2|1.0571
6,96,12,6,3,2,24,6,6,1,0,0,0,3,2,3|1.1368
6,96,12,12,3,3,24,0,6,3,2,3,0,0,1,0|0.9270
6,96,12,12,3,6,24,3,6,0,3,0,0,0,6,0|0.7376
0,6,96,24,3,6,24,3,1,6,0,3,0,0,0,6|0.4688
3,12,96,24,1,6,24,6,0,0,0,6,0,0,0,2|0.3005
3,12,96,24,1,6,24,12,0,0,0,2,0,0,0,2|0.2627
3,12,96,24,1,6,24,12,0,0,2,0,0,0,2,2|0.4355
3,12,96,24,1,6,24,12,0,0,2,2,0,0,2,3|0.6088
3,12,96,24,1,6,24,12,0,2,2,0,0,2,3,3|0.7226
3,12,96,24,1,6,24,12,0,0,2,2,3,0,2,6|0.7470
3,12,96,24,1,6,24,12,3,0,2,2,2,0,2,6|0.9219
3,12,96,24,1,6,24,12,1,3,2,2,0,2,2,6|1.1174
3,12,96,24,1,6,24,12,1,3,2,2,2,2,6,3|1.2534
3,12,96,24,1,6,24,12,3,3,2,2,2,2,6,3|1.2800
3,12,96,24,1,6,24,12,6,2,2,1,2,2,6,3|1.3472
3,12,96,24,1,6,24,12,1,6,2,3,2,2,6,3|1.3349
3,12,96,24,1,12,24,12,3,2,2,6,0,1,6,0|1.0033
3,24,96,24,1,2,24,12,3,1,2,6,0,3,6,0|0.7622
3,24,96,24,1,3,24,12,3,3,2,6,0,2,6,0|0.7917
3,24,96,24,1,6,24,12,3,2,2,6,0,2,6,0|0.8418
3,24,96,24,1,6,24,12,3,2,2,6,2,0,2,6|0.9925
3,24,96,24,1,6,24,12,3,2,2,6,3,2,2,6|1.1439
3,24,96,24,1,6,24,12,6,2,2,12,0,2,2,3|0.9758
3,24,96,24,1,6,24,24,6,2,2,3,0,2,2,12|0.5084
3,24,96,48,1,6,24,3,6,2,2,12,0,2,2,2|-0.1784
3,24,96,48,1,6,24,3,6,2,2,12,2,2,2,1|0.0055
0,2,0,0,3,0,0,1,2,1,3,1,0,3,0,3|6.4147
2,0,0,2,3,0,1,0,3,3,1,0,3,0,3,0|6.3866
2,0,2,1,3,1,0,0,6,1,0,0,3,3,0,0|6.4188
2,2,1,2,3,1,0,0,6,1,0,0,6,0,0,0|6.4012
2,3,1,2,3,1,0,0,12,0,0,0,0,1,0,0|6.2039
0,2,3,3,0,3,1,0,3,12,0,0,0,0,1,0|6.1767
0,2,3,3,3,3,1,0,0,12,1,0,0,0,2,0|6.3198
3,2,3,3,0,3,1,0,0,12,3,0,0,0,2,0|6.3232
0,2,3,0,3,2,1,3,0,3,3,0,0,12,2,0|6.4667
2,3,0,1,3,3,3,0,3,3,0,0,12,2,0,0|6.4105
2,3,1,0,6,3,0,0,6,0,0,1,12,2,0,0|6.2846
3,0,0,0,2,3,1,0,12,3,0,0,12,2,0,1|6.2189
3,0,0,0,2,3,1,0,12,3,0,0,12,2,1,3|6.3234
3,3,1,0,2,3,0,0,24,2,1,3,0,0,2,0|6.0782
3,6,1,0,2,2,1,3,24,0,2,0,0,0,1,0|6.0732
0,3,0,0,3,6,1,0,2,2,1,3,24,0,3,0|6.0585
3,0,0,0,3,6,1,0,2,3,3,1,24,3,0,0|6.0540
3,0,0,0,6,0,0,0,2,6,1,0,24,6,3,1|5.8998
3,0,0,0,6,6,1,0,2,6,3,1,24,0,0,3|5.9859
3,0,0,0,12,1,0,3,2,6,3,1,24,0,3,0|5.9322
3,1,0,3,12,6,3,1,2,0,3,0,24,0,0,1|6.0288
3,0,2,0,12,1,0,3,2,6,3,1,24,0,3,1|6.2057
3,1,2,3,12,6,3,1,2,0,3,1,24,0,2,0|6.3328
3,1,2,3,12,6,6,1,2,0,2,1,24,0,1,0|6.3402
3,3,3,0,12,12,1,0,2,2,1,3,24,1,0,0|6.1479
6,3,0,0,24,1,0,0,2,3,3,2,24,1,0,0|5.6358
6,3,2,0,24,1,0,0,2,3,0,0,24,1,3,2|5.7841
6,3,2,0,24,1,0,0,2,3,3,2,24,1,0,1|5.9026
6,3,0,3,24,1,2,0,2,3,0,0,24,1,3,3|5.8614
6,3,3,0,24,3,0,0,2,3,0,0,24,1,6,3|5.6905
6,6,0,3,24,3,0,0,2,3,0,0,24,1,6,3|5.6599
6,6,0,3,24,6,0,0,2,1,6,3,24,0,2,0|5.6196
6,12,0,3,24,1,6,3,2,0,2,0,24,0,0,1|5.5996
6,12,3,0,24,1,6,3,2,2,0,0,24,0,1,2|5.7499
6,12,3,0,24,1,6,3,2,2,0,0,24,1,2,1|5.9205
6,12,3,0,24,1,6,3,2,2,0,0,24,3,1,2|5.9314
6,12,3,3,24,3,6,0,2,3,1,2,24,2,0,0|5.9227
6,12,6,0,24,3,6,0,2,3,3,1,24,2,0,0|5.7642
6,12,12,0,24,6,3,1,2,2,0,0,24,3,0,0|5.5361
6,12,12,1,24,6,3,0,2,2,0,0,24,3,0,1|5.6882
6,24,1,0,24,6,3,0,2,2,0,0,24,3,1,2|5.4808
6,24,1,0,24,6,3,0,2,2,1,2,24,3,0,2|5.6236
6,24,1,0,24,6,3,0,2,3,2,1,24,3,2,0|5.6268
6,24,1,0,24,6,3,1,2,6,2,0,24,0,2,1|5.6103
6,3,1,0,24,24,3,0,2,6,2,1,24,6,2,1|5.7441
6,3,1,0,24,3,3,0,2,24,2,1,24,12,2,1|5.6883
6,3,1,0,24,6,0,0,2,24,3,2,24,12,3,0|5.3728
6,3,1,0,24,6,3,2,2,24,3,0,24,12,0,1|5.5077
6,3,2,0,24,6,1,0,2,24,3,2,24,12,3,1|5.6829
6,3,0,3,24,6,2,0,2,24,1,0,24,12,6,3|5.5185
6,3,3,0,24,6,0,3,2,24,3,0,24,12,6,3|5.4544
6,3,1,0,24,6,3,0,2,24,3,3,24,12,6,3|5.6208
6,3,1,0,24,6,6,3,2,24,6,3,24,12,3,0|5.6074
6,3,3,0,24,6,1,0,2,24,12,3,24,12,3,3|5.5545
6,6,0,0,24,6,1,0,2,24,12,3,24,12,6,1|5.4119
12,0,0,2,24,6,1,0,2,24,12,3,24,12,6,1|5.3497
12,0,2,1,24,6,1,0,2,24,12,3,24,12,6,1|5.4879
12,0,0,2,24,6,3,1,2,24,12,3,24,12,6,1|5.4964
12,6,3,3,24,24,12,3,2,12,6,1,24,3,0,0|5.4754
12,6,6,0,48,12,3,2,2,12,6,1,24,3,0,0|4.5647
12,6,6,2,48,24,3,1,2,3,6,0,24,0,0,1|4.3045
12,6,6,3,48,24,3,0,2,3,6,1,24,0,0,2|4.3146
12,12,3,1,48,24,3,0,2,3,6,1,24,0,2,0|4.2752
12,12,6,1,48,24,6,1,2,3,2,0,24,0,0,3|4.2461
24,6,1,0,48,24,6,1,2,3,2,0,24,0,3,3|4.0175
1,24,6,1,48,24,6,1,0,2,3,2,0,24,0,6|4.0393
1,48,12,1,48,2,3,3,0,24,0,6,0,0,1,0|2.9715
1,48,12,1,48,2,6,0,24,0,6,2,0,1,0,0|2.9542
1,48,12,1,48,2,12,2,24,1,0,0,0,0,3,0|2.9272
1,48,24,3,48,3,0,0,24,0,3,0,0,0,0,3|2.2807
1,48,24,3,48,3,0,0,24,3,0,0,0,0,3,1|2.4647
1,48,24,3,48,6,0,0,24,0,3,1,0,0,2,0|2.4391
1,48,24,3,48,6,3,1,24,0,2,0,0,0,2,0|2.6439
1,48,24,3,48,6,3,1,24,2,0,3,0,2,0,0|2.8192
1,48,24,3,48,6,3,1,0,24,2,3,2,0,2,0|2.9750
1,48,24,3,48,6,3,1,0,24,2,3,1,2,0,2|3.1612
1,48,24,3,48,6,3,1,24,2,3,2,3,0,2,0|3.1679
1,48,24,3,48,6,6,3,24,2,2,0,3,0,6,0|2.9550
1,48,24,3,48,12,3,3,24,2,2,0,3,6,0,0|2.8926
1,48,24,3,48,12,6,1,24,2,2,0,3,6,0,0|2.9307
1,48,24,3,48,12,6,1,0,24,2,2,3,3,6,0|3.0193
1,48,24,3,48,12,6,3,3,24,2,0,2,3,6,0|3.0984
1,48,24,3,48,12,6,3,1,3,24,2,0,2,3,6|3.2880
1,48,24,3,48,12,6,3,1,3,24,2,2,3,6,2|3.4281
0,3,24,0,1,48,6,6,48,12,24,2,3,6,6,2|3.1487
3,24,0,1,1,48,12,0,48,12,24,2,3,12,2,0|2.8598
3,24,12,1,1,48,24,2,48,24,2,0,3,0,2,0|2.6414
3,6,12,0,1,24,24,1,48,48,2,2,3,24,2,0|2.7335
3,6,12,0,1,48,1,1,96,2,2,0,3,24,2,0|-0.4338
3,6,12,1,1,48,3,0,96,2,2,0,3,24,3,0|-0.4406
3,6,12,1,0,1,48,3,0,96,2,2,2,3,24,3|-0.2869
3,6,12,1,1,48,3,3,96,2,2,0,2,3,24,3|-0.1326
3,6,12,1,1,48,6,3,96,2,2,0,2,3,24,3|-0.1378
3,6,12,1,1,48,6,3,1,96,2,2,2,3,24,3|-0.0124
2,6,12,1,3,48,6,3,1,96,2,2,3,3,24,3|0.0135
0,0,0,3,0,1,3,0,0,2,2,2,0,1,2,1|3.6302
0,0,3,0,1,3,0,1,2,2,2,0,1,2,1,0|3.7236
0,0,0,3,0,1,3,1,3,2,2,2,0,1,2,1|3.8168
0,0,3,0,1,3,1,0,3,2,2,2,1,2,1,3|3.9200
0,0,1,0,1,3,3,0,3,2,1,2,1,2,3,3|3.8732
0,0,0,1,0,1,3,3,0,3,2,3,2,1,2,6|3.7062
0,0,0,3,0,1,3,1,0,3,2,6,2,1,2,6|3.6692
0,0,0,3,0,1,3,3,0,3,2,1,2,1,2,12|3.5321
0,0,3,0,1,3,3,0,3,2,1,0,3,2,12,2|3.5250
0,3,0,0,1,6,0,1,3,3,0,0,3,2,12,2|3.3278
3,0,0,1,1,6,1,0,6,0,0,0,3,2,12,2|3.3105
3,3,0,0,1,0,0,1,6,6,1,0,3,2,12,2|3.4031
6,0,0,0,1,0,1,0,12,1,0,2,3,2,12,2|3.1757
6,0,3,0,1,0,0,0,12,0,1,2,3,3,12,2|3.0881
0,6,0,3,0,1,0,0,1,12,0,3,0,6,12,2|2.9006
0,0,6,3,2,0,1,0,0,1,12,3,0,6,12,2|3.0329
0,6,3,0,2,1,0,0,1,12,3,1,6,12,2,0|3.1351
0,0,0,1,0,6,3,0,3,1,3,0,6,24,2,1|2.7073
0,6,3,1,3,1,3,0,6,24,2,1,0,0,3,0|2.7894
3,6,6,1,6,1,2,1,0,24,3,0,0,0,0,3|2.7214
3,12,1,0,6,3,1,1,24,3,0,0,0,0,3,0|2.4733
3,12,1,1,6,6,1,0,24,0,3,0,0,0,0,1|2.4052
3,12,1,1,12,1,0,0,24,3,0,3,0,0,1,0|2.3270
3,12,1,1,12,1,0,0,24,3,3,0,0,1,0,2|2.4287
0,12,0,2,3,1,1,1,12,3,0,0,24,1,3,2|2.5103
12,0,2,2,3,1,1,1,12,3,0,0,24,1,3,2|2.6018
12,2,2,3,3,1,1,1,12,3,0,0,24,1,3,2|2.7132
12,3,3,3,3,3,0,1,12,1,3,2,24,0,0,2|2.4546
12,6,3,3,3,1,3,3,12,0,0,2,24,0,0,1|2.2558
12,6,6,0,3,1,6,1,12,0,2,0,24,0,1,0|2.1170
12,12,0,0,3,1,6,1,12,2,0,2,24,1,0,0|2.0681
12,0,0,3,3,12,0,0,12,1,6,1,24,3,0,2|2.0091
12,12,0,3,3,1,6,1,12,3,0,2,24,1,0,0|2.1099
12,12,6,3,3,1,0,3,12,3,0,0,24,1,2,0|2.0408
24,6,3,0,3,1,3,0,12,3,0,0,24,3,0,3|1.6015
24,6,3,0,3,1,3,0,12,3,0,0,24,3,3,3|1.6621
24,6,3,0,3,1,3,0,12,3,0,0,24,6,3,2|1.6426
24,6,6,0,3,1,0,0,12,3,3,2,24,6,0,3|1.5530
24,12,0,1,3,1,0,0,12,6,2,0,24,6,3,0|1.3334
24,12,1,2,3,1,0,0,12,6,2,0,24,6,3,0|1.4536
24,12,3,1,3,1,0,0,12,6,2,0,24,6,3,0|1.4138
24,12,3,1,3,1,2,0,12,12,3,0,24,2,0,0|1.3638
24,12,3,1,3,3,0,0,24,3,0,2,24,2,0,0|0.8737
24,12,3,1,6,0,0,3,24,3,2,0,24,2,0,0|0.7836
24,12,3,1,6,0,3,3,24,3,2,0,24,2,0,0|0.8533
24,12,3,1,6,3,3,3,24,3,2,0,24,2,0,0|0.9429
24,12,3,1,6,6,3,1,24,3,2,0,24,2,0,0|0.9125
24,12,3,1,12,3,1,1,24,3,2,0,24,2,0,0|0.8119
24,12,3,1,12,6,3,1,48,2,0,0,2,0,0,0|-0.2588
24,12,6,1,12,6,0,1,48,2,0,0,2,0,2,0|-0.3196
24,12,6,1,12,6,1,0,48,2,0,0,2,2,0,6|-0.2705
24,12,6,1,12,6,1,0,48,2,0,0,2,2,6,1|-0.1415
24,12,6,1,0,12,6,1,3,48,2,0,2,2,6,1|-0.0527
24,12,6,1,12,6,1,3,3,48,2,0,2,2,6,1|0.0661
24,12,6,1,12,6,1,3,1,3,48,2,2,2,6,1|0.1748
24,12,6,1,12,6,1,3,3,3,48,3,2,2,6,0|-0.0467
24,12,6,1,12,6,1,3,6,48,3,2,2,2,6,0|-0.0783
1,2,3,0,3,3,2,0,0,0,0,1,0,0,3,1|6.5706
3,3,0,0,6,2,0,1,0,0,1,0,0,3,1,0|6.4241
6,0,0,0,6,2,1,0,0,1,0,2,3,1,0,0|6.3977
6,0,0,0,6,3,0,0,1,0,2,2,3,1,0,0|6.4117
6,0,0,0,6,3,0,0,1,2,2,2,3,1,0,0|6.5558
6,0,0,0,6,3,0,0,3,2,2,2,3,1,0,0|6.5402
12,3,0,0,3,2,2,2,3,1,0,0,0,0,3,0|6.4649
12,3,2,2,6,3,0,0,0,0,3,0,0,3,0,0|6.2698
12,3,2,2,6,3,0,0,0,3,0,0,3,0,0,1|6.3949
12,3,2,2,6,3,0,0,3,0,0,0,3,0,1,1|6.5403
12,6,2,2,6,0,0,0,6,0,1,1,0,0,2,0|6.3860
12,6,2,2,12,0,1,1,0,0,2,0,2,0,0,0|6.3119
24,6,3,3,0,0,2,0,2,0,0,0,1,0,0,0|5.7981
24,6,6,3,0,2,0,0,2,0,0,0,1,0,0,0|5.7745
24,6,6,3,2,2,0,0,1,0,0,0,1,0,0,0|5.9612
24,6,6,3,3,2,0,0,1,0,0,0,3,0,0,0|5.9282
0,24,12,3,0,3,2,0,0,1,0,0,3,3,0,0|5.8455
0,24,12,3,0,3,2,0,3,1,0,0,3,3,0,0|5.9530
0,24,12,3,3,3,2,0,3,1,0,0,2,3,0,0|6.1008
24,12,3,0,6,2,0,1,3,1,0,0,2,3,0,0|6.0989
24,12,3,0,6,2,1,3,3,1,0,0,2,3,0,0|6.2173
24,12,3,3,6,3,1,0,3,3,0,0,2,1,0,0|6.1759
24,12,3,3,6,6,1,0,3,1,0,0,2,1,0,0|6.1949
24,12,6,0,12,1,0,0,3,1,0,0,3,0,0,2|5.8541
24,12,6,0,12,1,0,0,6,1,0,2,0,0,0,3|5.8337
24,12,6,0,12,1,0,0,6,1,2,0,0,0,3,2|5.9735
24,12,6,0,12,1,0,0,6,3,0,2,0,3,2,0|5.9536
24,12,6,0,12,1,0,0,6,3,2,1,3,2,0,0|6.1141
24,12,6,0,12,1,0,0,6,3,3,3,3,2,0,0|6.0748
24,12,6,0,12,1,0,0,6,6,3,1,3,2,0,0|6.1059
24,12,6,0,12,1,0,0,12,3,1,1,3,2,0,0|6.0472
24,12,6,0,24,1,1,1,3,3,0,0,0,2,0,2|5.8089
48,12,6,1,3,1,1,0,0,3,0,2,3,2,0,0|5.0109
48,12,6,1,3,1,1,0,3,0,2,1,3,2,0,0|5.1233
48,12,6,1,6,1,3,1,3,2,0,0,3,0,0,0|4.9859
48,12,6,1,6,3,3,1,6,0,0,0,0,2,0,0|4.8089
48,12,6,1,6,6,1,2,6,0,0,0,2,0,0,0|4.8222
48,12,6,1,12,1,2,3,6,0,0,0,2,0,0,0|4.7859
48,12,6,1,12,3,3,2,6,0,0,0,2,0,0,0|4.7499
48,12,6,3,12,3,3,0,6,0,0,0,2,0,0,1|4.7342
48,12,6,3,12,6,0,3,6,0,0,0,2,0,1,0|4.6789
48,12,6,3,12,6,3,0,6,0,0,0,2,1,0,1|4.8340
48,12,6,3,12,6,3,0,6,0,0,0,3,0,1,2|4.8294
48,12,6,3,12,6,3,0,6,0,1,2,3,0,3,0|4.9551
48,12,6,3,12,6,3,0,6,1,2,1,3,3,0,0|5.1312
48,12,6,3,12,6,3,1,6,1,2,0,3,3,0,3|5.2577
48,12,6,3,12,6,3,1,6,3,0,1,6,0,3,0|5.0946
48,12,6,3,12,6,3,1,6,3,1,0,6,3,0,6|5.1618
48,12,6,3,12,6,3,1,12,6,1,6,0,0,0,2|5.0194
48,12,6,3,24,12,3,1,0,0,1,6,0,2,0,2|4.5573
48,24,6,3,24,0,3,1,0,2,1,6,0,3,0,2|4.2757
48,24,6,3,24,3,1,0,2,1,6,1,3,0,2,0|4.5344
48,24,6,3,24,3,1,0,3,6,1,0,3,2,0,2|4.5136
48,24,6,3,24,3,1,0,6,6,1,2,3,2,0,0|4.4831
48,24,6,3,24,3,1,2,6,6,1,0,3,2,0,3|4.6030
48,24,6,3,24,3,3,3,12,1,0,0,3,2,3,0|4.3534
48,24,6,6,24,3,3,0,12,3,3,0,3,0,0,1|4.1841
48,24,6,6,24,6,6,0,12,0,0,1,3,0,0,1|4.0253
48,24,12,6,24,6,0,1,12,0,0,1,3,0,2,0|3.9968
48,24,12,6,24,6,0,1,12,0,2,1,3,0,3,0|4.1188
48,24,12,6,24,6,2,1,12,0,3,1,3,0,2,0|4.3312
48,24,12,6,24,6,3,2,12,3,1,0,3,2,0,0|4.3641
48,24,12,6,24,6,3,2,0,12,3,1,1,3,2,0|4.4974
48,24,12,6,24,6,6,3,1,12,2,0,0,3,1,0|4.4211
48,24,12,6,24,6,6,3,1,12,3,0,0,3,2,0|4.4252
48,24,12,6,24,12,3,0,1,12,3,0,3,2,0,2|4.3598
48,24,12,6,24,12,3,0,1,12,3,0,3,2,2,2|4.5349
48,24,12,6,24,24,6,0,1,2,2,2,3,1,0,0|4.1204
48,24,12,6,48,6,0,3,3,2,2,0,3,1,0,0|3.1663
96,24,12,6,3,6,2,3,3,3,0,0,0,0,1,0|0.6728
96,24,12,6,6,6,2,3,0,3,1,0,3,0,0,0|0.6497
96,24,12,6,6,6,3,3,3,3,0,0,1,0,0,0|0.6470
96,24,12,6,2,6,6,6,0,3,3,0,0,1,0,0|0.6749
96,24,12,6,0,2,6,12,12,0,3,3,0,0,1,0|0.3532
96,24,12,6,2,6,12,3,12,3,3,0,0,1,0,0|0.5720
96,24,24,6,2,6,3,3,12,3,0,0,0,1,1,0|0.3513
96,24,24,6,2,6,3,3,12,3,1,0,0,1,3,0|0.5011
96,48,6,0,2,6,6,2,12,3,1,0,1,3,0,0|-0.3885
96,48,12,2,2,6,1,0,12,6,0,0,1,0,2,0|-0.5677
96,48,12,2,2,12,1,0,12,0,2,0,1,0,3,0|-0.6264
96,48,12,2,2,12,3,0,12,0,3,0,1,0,3,0|-0.6645
96,48,12,2,1,2,12,3,0,12,0,3,0,1,0,3|-0.4921
96,48,24,2,1,2,0,6,0,12,0,3,0,1,2,0|-0.8692
96,48,24,2,3,0,6,0,12,0,3,1,1,2,0,0|-0.9058
96,48,24,2,3,0,6,1,12,2,3,0,1,3,0,0|-0.7118
96,48,24,3,3,2,6,0,12,3,3,0,1,1,0,0|-0.6473
96,48,24,3,1,3,2,6,0,12,3,3,0,1,1,0|-0.4522
96,48,24,3,1,3,2,6,0,0,12,6,3,0,1,1|-0.4666
96,48,24,3,1,3,2,6,0,12,6,0,3,1,1,2|-0.2904
96,48,24,3,1,3,2,6,0,0,12,6,2,3,1,3|-0.2736
96,48,24,3,1,3,2,12,2,3,12,3,0,0,1,3|-0.2863
96,48,24,3,3,6,2,12,0,0,12,6,0,0,1,3|-0.5984
96,48,24,3,3,6,2,12,0,12,6,2,0,1,3,0|-0.3999
96,48,24,3,3,6,2,12,12,6,2,0,1,3,0,2|-0.2708
96,48,24,3,3,6,2,12,12,6,2,0,1,3,2,1|-0.0911
96,48,24,3,3,6,2,12,12,6,2,0,1,3,3,3|-0.1008
96,48,24,3,3,12,2,12,12,3,2,3,1,0,3,2|-0.0699
96,48,24,3,3,12,2,12,12,3,2,3,1,3,2,1|0.1016
96,48,24,3,3,12,2,12,12,6,2,3,1,3,2,1|0.1038
96,48,24,3,3,12,2,12,12,6,2,3,1,3,3,6|0.0465
96,48,24,3,3,12,2,12,12,6,2,3,1,6,6,2|0.0999
96,48,24,3,3,12,2,12,12,12,2,3,1,1,6,2|0.1040
96,48,24,3,3,24,2,12,12,1,2,3,1,1,6,2|-0.0713
96,48,24,3,3,24,2,12,12,3,3,2,1,1,6,2|-0.0560
3,1,0,0,3,0,3,0,0,1,0,3,2,2,2,0|4.9781
6,1,3,0,0,1,0,3,2,2,2,0,0,0,0,2|4.9858
6,1,3,3,2,3,2,0,0,0,0,2,1,0,0,0|4.9937
6,1,3,3,2,3,2,2,1,0,0,0,0,0,0,1|5.1216
6,1,6,1,2,3,2,2,1,0,0,0,0,0,1,0|5.1296
6,1,6,3,3,3,2,0,0,0,1,0,0,0,1,0|4.9477
6,1,6,3,3,3,3,0,0,0,1,0,0,0,1,0|4.9158
6,1,6,3,6,3,0,1,0,1,0,0,0,1,0,0|4.8941
12,1,6,3,0,3,0,1,0,1,0,0,3,1,0,0|4.7924
12,1,6,3,3,0,1,2,1,0,0,0,3,1,0,0|4.9308
12,1,6,3,0,3,0,3,2,1,0,0,0,3,1,0|4.8693
12,1,6,3,3,0,3,3,3,0,0,0,3,1,0,0|4.8179
12,1,6,6,6,0,3,0,3,1,0,0,2,0,0,0|4.6665
12,1,12,3,6,3,0,0,3,1,0,0,2,0,0,0|4.6053
12,1,12,3,2,6,3,0,0,3,1,0,0,2,0,0|4.7841
12,1,12,3,3,2,6,3,0,0,3,1,0,0,2,0|4.8331
12,3,12,6,3,0,6,1,0,0,3,0,0,3,2,0|4.6121
12,3,12,6,3,6,1,0,0,3,0,0,3,2,0,3|4.7112
12,3,12,6,3,6,1,0,3,0,0,1,3,2,3,0|4.8104
12,3,12,6,6,6,1,1,3,2,3,0,0,0,2,0|4.8497
12,3,12,6,12,1,1,0,3,2,3,0,0,2,0,2|4.7391
24,3,12,6,3,3,1,0,0,2,3,2,0,0,0,2|4.3386
24,6,12,6,3,2,1,2,0,0,3,2,0,1,0,0|4.3182
24,6,12,6,3,3,2,0,0,3,2,1,1,0,0,0|4.2578
24,6,12,6,6,2,0,0,3,2,1,3,1,0,0,0|4.2176
24,6,12,6,6,2,0,0,3,3,3,1,1,0,0,0|4.1875
24,6,12,6,6,2,3,1,3,3,0,0,1,0,3,0|4.3175
24,6,12,6,6,2,3,1,6,0,0,2,1,3,0,0|4.2975
24,6,12,6,12,2,3,3,1,3,0,0,0,2,0,0|4.0977
24,6,12,6,12,2,6,0,1,3,0,0,2,0,0,3|4.0280
24,6,12,6,0,12,2,6,2,1,3,0,0,2,0,3|4.1384
24,6,12,6,12,2,6,3,3,3,0,0,2,0,3,0|4.0989
24,6,12,6,12,2,6,3,3,3,3,0,2,0,1,0|4.2295
24,6,12,6,12,2,6,3,6,3,0,0,2,1,0,3|4.1802
24,6,12,6,12,2,6,3,6,3,0,3,2,1,0,2|4.3010
24,6,12,6,12,2,6,6,6,3,0,2,2,1,0,1|4.2719
24,6,12,12,12,2,6,2,6,3,0,1,2,1,0,1|4.2229
24,6,12,12,12,2,6,3,6,3,0,1,2,1,0,2|4.1841
24,6,12,12,12,2,6,3,6,3,0,3,2,1,0,3|4.1253
24,6,12,12,12,2,6,6,6,3,0,3,2,1,0,1|4.1067
24,6,24,2,12,2,12,0,6,3,3,0,3,0,1,0|3.5682
24,6,24,2,12,2,12,0,6,6,0,0,3,1,0,2|3.5498
24,6,24,2,12,2,12,0,6,6,0,2,3,1,0,1|3.6615
24,6,24,2,12,2,12,2,6,6,0,1,3,1,0,2|3.8133
24,6,24,2,12,2,12,3,6,6,0,2,3,1,0,3|3.7753
24,6,24,2,12,2,12,3,12,0,2,1,3,1,3,0|3.6973
24,6,24,2,24,2,12,3,3,1,2,1,1,0,3,0|3.4495
24,6,24,2,24,2,12,3,3,3,1,3,0,1,0,3|3.4018
48,6,24,2,3,2,12,6,0,3,1,3,0,1,0,3|2.4443
48,6,24,2,3,2,12,6,0,3,1,3,2,0,1,3|2.5669
48,6,24,2,3,2,12,6,0,3,1,3,3,2,1,3|2.6696
48,6,24,2,3,2,12,6,3,3,1,6,1,2,1,0|2.6424
48,6,24,2,6,2,12,12,1,3,1,0,0,2,1,1|2.4453
48,6,24,2,6,2,12,12,1,3,1,1,0,2,1,2|2.5884
48,6,24,2,6,2,12,12,1,3,1,3,0,2,1,2|2.5716
48,6,24,2,6,2,24,0,1,3,1,3,2,1,2,1|2.2650
48,6,48,2,6,2,1,3,3,3,2,1,3,1,0,0|1.2985
48,6,48,2,6,2,3,3,6,3,0,1,0,1,3,0|1.1021
48,6,48,2,12,2,3,3,0,3,3,1,1,1,0,0|1.0258
48,6,48,2,12,2,6,0,3,3,1,2,1,1,0,0|1.0397
48,6,48,2,0,12,2,6,0,3,3,3,3,1,1,0|0.9938
48,6,48,2,12,2,6,0,3,3,3,2,3,1,1,0|1.1080
48,6,48,2,0,12,2,6,3,3,6,2,0,3,1,1|1.1123
48,6,48,2,12,2,6,0,6,6,2,0,3,1,1,1|1.0867
48,6,48,2,12,2,6,0,12,2,0,1,3,1,1,1|0.9814
48,6,48,2,24,2,6,1,3,3,1,1,2,0,0,0|0.6161
48,6,48,2,24,2,6,1,6,1,1,3,2,0,0,0|0.5810
48,6,48,3,24,3,6,3,6,0,1,0,2,6,0,0|0.2661
48,6,48,6,24,3,6,0,6,6,1,0,2,3,0,0|0.2313
48,6,48,6,24,3,6,0,12,1,0,1,2,3,0,0|0.1467
48,6,48,6,0,24,3,6,3,12,1,1,0,2,3,0|0.2922
48,6,48,12,3,24,3,1,0,12,1,0,0,2,3,1|0.2679
48,6,48,12,3,24,3,1,0,12,1,1,0,2,3,1|0.4137
48,6,48,12,3,24,3,1,12,1,1,0,2,3,1,3|0.5497
48,6,48,12,3,24,3,1,12,1,1,3,2,3,1,2|0.6859
48,6,48,12,3,24,3,1,12,1,1,3,2,3,3,2|0.6722
48,6,48,12,3,24,3,1,12,1,1,3,2,6,2,2|0.6887
48,6,48,12,3,24,3,1,12,1,3,3,2,6,1,2|0.6553
48,6,48,12,3,24,6,1,12,1,1,3,2,6,2,2|0.6622
48,6,48,12,3,24,6,1,12,1,3,3,2,6,1,2|0.6291
48,6,48,12,3,24,6,1,0,12,1,6,3,2,6,3|0.4263
48,6,48,12,3,24,6,1,12,1,6,1,3,2,6,3|0.5536
48,6,48,12,3,24,12,1,12,3,6,1,3,0,2,3|0.3112
48,6,48,12,3,24,12,1,12,3,6,1,2,3,2,3|0.4588
48,6,48,12,3,24,12,1,12,6,6,1,2,3,2,3|0.3967
48,6,48,12,3,24,12,1,1,12,12,1,2,3,2,3|0.3148
3,6,0,12,48,24,48,1,3,12,24,1,3,3,2,3|-0.1370
0,3,6,12,48,24,48,1,3,12,24,1,2,6,2,3|-0.1086
2,0,1,0,0,0,1,0,3,0,3,3,2,3,1,0|4.4507
2,1,0,2,0,1,0,0,3,3,3,0,2,3,1,0|4.5528
3,0,2,2,1,0,0,0,6,3,0,0,2,3,1,0|4.4249
3,0,2,2,1,3,0,0,6,3,1,0,2,0,1,0|4.5371
3,3,2,2,1,3,1,0,6,0,1,0,2,2,0,0|4.6493
3,6,3,2,1,0,1,0,6,2,0,0,2,0,2,0|4.4915
3,6,3,2,1,1,0,0,6,2,0,0,2,2,0,2|4.6337
3,6,3,2,1,3,0,0,6,2,0,2,2,3,0,0|4.5760
3,6,3,2,1,1,3,0,0,6,2,2,0,2,3,0|4.7083
3,6,3,2,1,1,3,0,6,2,2,0,2,3,0,3|4.7806
3,6,6,2,1,3,2,0,6,3,0,3,2,1,0,0|4.5929
3,6,6,2,1,6,2,3,6,1,0,0,2,0,0,1|4.6153
3,12,6,2,1,1,2,3,6,0,0,1,2,0,0,1|4.5277
3,12,6,2,1,3,3,2,6,0,1,0,2,0,1,0|4.4801
3,0,6,3,1,12,3,2,6,3,1,2,2,0,1,0|4.5825
3,0,6,3,1,0,3,3,6,12,1,2,2,3,1,2|4.6349
3,6,3,0,1,3,3,1,6,12,3,0,2,3,3,0|4.4674
3,6,6,1,1,3,3,0,6,12,3,0,2,3,1,0|4.4699
3,12,1,2,1,6,0,0,6,12,3,0,2,3,1,0|4.2624
3,12,1,2,1,6,3,0,6,12,1,0,2,3,3,0|4.3650
3,12,3,0,1,6,3,0,6,12,1,0,2,6,0,3|4.1476
3,12,6,0,1,6,1,0,6,12,0,3,2,6,0,1|4.1102
2,3,12,6,0,1,6,1,0,6,12,3,0,2,6,1|4.2728
2,3,12,6,1,6,1,2,6,12,3,0,2,6,1,0|4.3954
3,3,12,6,6,6,1,2,2,12,3,0,2,6,1,0|4.3581
6,12,6,0,12,1,2,1,2,12,3,0,2,6,1,0|4.1608
0,6,12,6,0,12,1,3,0,2,12,3,3,2,6,1|4.1036
6,12,6,3,12,1,3,0,2,12,3,0,3,2,6,1|4.2063
6,12,6,3,12,1,6,0,2,12,6,1,3,2,2,0|4.1691
6,12,6,3,0,12,1,6,2,12,6,1,1,3,2,2|4.2319
6,24,6,3,2,12,1,6,1,3,6,3,0,1,2,0|3.8548
6,24,6,3,3,12,1,6,0,3,6,3,3,1,2,0|3.7777
6,24,6,3,3,12,1,6,3,6,3,0,3,3,0,1|3.6906
6,24,6,3,6,12,1,6,3,6,3,1,2,3,0,0|3.7035
12,24,6,3,3,12,1,6,2,6,3,1,3,3,0,0|3.6065
12,24,6,3,3,12,1,6,2,6,3,1,6,0,0,1|3.5895
12,24,6,3,3,12,1,6,2,6,3,1,6,0,1,2|3.6925
12,24,6,3,3,12,1,6,2,6,3,1,6,1,2,3|3.8255
12,24,6,3,3,12,1,6,2,6,3,1,6,3,3,3|3.7286
12,24,6,3,3,12,1,6,2,6,3,1,6,6,3,2|3.6917
12,24,6,3,3,12,1,6,2,12,6,3,6,0,1,0|3.3449
12,24,6,3,3,12,1,6,2,12,6,3,6,1,0,2|3.4881
12,24,6,3,3,12,1,6,2,12,6,3,6,1,2,3|3.5813
12,24,6,3,3,24,1,6,2,1,6,6,6,0,2,3|3.1245
12,48,6,3,3,1,1,12,2,0,6,3,6,1,2,0|2.1378
12,48,6,3,3,1,1,12,2,1,6,3,6,2,2,0|2.2811
12,48,6,3,3,1,1,12,2,3,6,3,6,1,2,0|2.2545
12,48,6,3,3,1,1,12,2,3,6,3,6,3,0,1|2.1978
12,48,6,3,3,1,1,12,2,3,6,3,6,3,1,3|2.3013
12,48,6,3,3,1,1,12,2,6,6,6,6,3,1,0|2.1047
12,48,6,3,3,1,1,12,2,12,6,2,6,3,1,0|2.0982
12,48,6,3,3,1,1,12,2,12,6,2,6,6,3,1|2.0917
12,48,6,2,3,1,1,3,2,12,6,12,6,6,3,3|2.0353
12,48,6,2,3,1,1,3,2,12,6,12,12,3,3,1|1.9988
12,48,6,2,3,1,1,3,2,12,6,12,2,12,6,1|1.9525
12,48,6,2,3,1,1,3,2,24,12,12,2,0,3,1|1.4561
12,48,6,2,3,1,1,3,2,24,24,0,2,3,1,2|1.1998
12,48,6,1,3,1,1,2,2,24,24,3,2,3,1,2|1.3336
12,48,6,1,3,1,3,3,2,48,3,0,2,3,3,0|0.1673
12,48,6,1,0,3,1,6,1,2,48,3,0,2,3,3|0.1511
12,48,6,1,3,1,6,0,3,48,3,3,2,3,3,0|0.0650
12,48,12,1,6,1,3,3,2,48,3,0,0,3,0,2|-0.1311
12,48,12,1,0,6,1,6,0,2,48,3,1,0,3,2|-0.1272
12,48,12,1,6,1,6,0,2,48,3,2,1,3,2,0|-0.0132
12,48,12,1,6,1,6,2,3,48,3,0,0,3,2,3|-0.0792
12,48,12,3,6,1,6,0,3,48,3,3,0,3,2,3|-0.1652
12,48,12,3,2,6,1,6,0,3,48,6,0,3,2,3|-0.1511
12,48,12,3,2,6,1,6,3,48,6,0,3,2,3,1|-0.0369
2,48,12,0,12,6,1,3,2,48,6,6,6,2,3,1|0.0072
0,2,48,12,12,6,1,3,1,2,48,12,6,2,3,1|-0.0586
2,48,12,0,12,6,1,3,3,48,12,1,6,2,3,1|-0.1043
0,1,0,1,2,1,3,0,3,3,0,0,0,0,2,1|6.5130
0,2,0,0,0,1,0,1,2,1,3,0,3,3,2,1|6.6558
2,0,0,2,1,0,1,0,3,3,0,0,6,2,1,0|6.5089
3,0,0,0,3,0,0,2,3,3,1,0,6,2,1,0|6.4822
6,0,0,2,3,3,1,0,6,2,1,0,0,0,0,2|6.4858
6,3,1,2,3,2,1,0,6,0,0,2,0,0,0,3|6.5896
6,3,3,0,3,3,0,0,6,0,2,2,0,0,3,0|6.4236
6,6,0,1,6,0,0,0,6,2,2,0,0,3,0,0|6.2779
12,6,0,1,6,2,2,0,0,3,0,0,3,0,0,0|6.2224
12,6,2,1,6,2,0,0,3,3,0,0,3,0,0,0|6.3372
12,6,3,2,6,2,0,0,6,0,0,0,3,0,0,0|6.1922
12,6,3,2,12,2,0,0,3,0,0,0,1,0,0,0|6.1475
24,6,3,2,3,2,0,0,1,0,0,0,3,0,0,0|5.8830
24,6,3,2,0,3,2,0,0,1,0,0,2,3,0,0|5.9888
24,6,3,2,3,2,0,1,1,0,0,0,2,3,0,0|6.1349
24,6,3,2,3,2,1,1,1,0,0,0,2,3,0,0|6.2812
24,6,3,3,3,2,1,0,3,3,0,0,0,3,0,0|6.0878
24,6,6,0,3,3,0,0,6,0,0,0,3,0,0,3|5.7646
24,6,6,0,3,3,0,0,6,0,0,3,3,0,0,2|5.9017
24,6,6,0,3,3,0,3,6,0,0,2,3,0,0,3|6.0091
24,12,0,0,6,0,3,0,6,0,2,3,3,0,3,0|5.7568
24,12,0,0,6,3,0,0,6,2,3,0,3,3,0,1|5.9347
24,12,0,0,12,3,3,0,3,2,0,1,0,3,0,1|5.8730
24,12,0,0,12,6,0,0,3,2,1,0,3,0,1,2|5.8515
24,12,0,0,12,6,0,0,3,3,0,2,3,1,2,0|5.8403
24,12,0,0,12,6,0,0,6,0,2,2,3,3,0,0|5.6894
24,12,0,0,12,6,0,0,6,2,2,1,6,0,0,0|5.7188
24,12,0,0,12,6,2,1,12,2,0,0,0,0,0,1|5.6684
24,12,0,0,12,6,3,3,12,2,0,0,0,0,1,0|5.6284
24,12,0,0,12,6,6,0,12,2,0,0,0,1,0,1|5.6187
24,12,0,0,12,12,0,3,12,2,0,0,1,0,1,0|5.5493
24,24,0,3,24,2,0,0,1,0,1,0,3,0,0,0|4.9302
48,24,0,3,1,2,1,0,3,0,0,0,2,0,0,0|4.1414
48,24,3,2,3,1,0,0,3,0,0,0,2,0,0,0|4.1729
48,24,3,2,6,1,0,0,2,0,0,0,2,0,0,0|4.1948
48,24,3,2,0,6,1,0,0,2,0,0,6,2,0,0|4.2170
48,24,3,2,0,6,1,0,6,2,0,0,2,2,0,0|4.3795
48,24,3,2,6,6,1,0,2,2,0,0,1,2,0,0|4.5223
48,24,3,2,12,1,0,0,2,2,0,0,3,0,0,1|4.3354
48,24,3,2,12,3,0,0,2,0,0,1,3,3,0,0|4.2789
48,24,3,2,12,3,0,1,2,3,0,0,3,0,0,1|4.4228
48,24,3,2,12,3,1,1,2,3,0,0,3,0,1,0|4.5869
48,24,3,2,12,3,1,1,2,3,0,0,3,1,0,1|4.7414
48,24,3,3,12,6,1,0,2,1,0,1,3,0,0,3|4.5563
48,24,6,0,12,6,1,0,3,0,1,0,3,0,3,3|4.3715
48,24,6,0,12,6,1,0,6,0,1,3,1,0,3,0|4.3971
48,24,6,0,12,6,1,0,6,1,3,2,1,3,0,0|4.5930
48,24,3,0,12,6,6,0,6,1,1,0,1,3,3,2|4.6993
48,24,3,0,12,12,0,0,6,1,1,0,1,6,2,1|4.4960
48,24,3,0,12,12,1,0,6,1,2,1,1,6,2,0|4.6730
48,24,3,0,24,1,0,6,6,3,1,0,1,6,2,0|4.2104
48,24,3,0,24,1,6,2,6,3,1,0,1,6,2,0|4.4182
48,24,3,2,24,1,6,0,6,3,3,0,1,6,0,2|4.3763
48,24,3,2,24,1,6,0,6,6,0,0,1,6,2,3|4.3649
48,24,3,2,24,1,6,0,6,12,2,3,1,0,1,0|4.3438
48,24,3,2,24,1,6,0,6,12,2,3,1,1,0,1|4.5332
48,24,0,1,24,1,3,2,6,12,6,3,1,1,2,1|4.6229
48,24,1,0,24,1,3,2,6,12,6,3,1,3,1,2|4.6830
48,24,1,2,24,1,3,3,6,12,6,2,1,3,1,2|4.8336
48,24,3,0,24,1,6,2,6,12,6,2,1,3,3,0|4.5545
48,24,3,2,24,1,12,2,6,12,3,0,1,3,3,0|4.5159
48,24,0,3,24,1,3,2,6,12,12,2,1,3,6,0|4.4376
48,24,3,2,24,1,3,2,6,24,2,0,1,3,6,0|4.2798
48,24,6,2,24,1,2,2,6,24,6,0,1,3,1,0|4.2925
48,24,6,2,3,24,3,2,0,6,24,6,0,1,3,1|4.2655
48,48,6,2,3,6,3,2,0,1,24,6,0,3,3,1|3.4590
96,6,2,0,3,6,3,2,1,24,6,1,3,3,1,0|1.0429
96,12,2,2,3,24,3,1,1,3,6,0,3,2,1,0|0.9873
96,12,2,3,3,24,3,0,1,3,6,0,3,2,1,2|0.9921
96,12,2,3,0,3,24,3,12,1,3,6,0,3,2,3|0.7574
96,12,2,3,3,24,3,2,12,1,3,6,3,2,3,0|0.9531
96,12,2,3,3,24,6,2,12,3,3,6,3,0,1,0|0.8193
96,0,2,3,3,12,6,3,12,24,3,2,3,3,1,6|0.8960
96,0,2,3,3,12,6,6,12,24,3,2,3,3,1,6|0.8931
96,12,2,3,3,24,6,6,12,3,3,2,3,3,1,6|1.0707
96,12,2,3,3,24,6,6,12,6,3,2,3,2,1,6|1.0988
96,12,2,3,3,24,12,1,12,6,3,2,3,3,6,0|0.8974
96,12,2,3,3,24,12,3,12,6,3,0,3,3,6,3|0.8665
96,12,2,6,3,24,12,0,12,6,3,3,3,3,6,1|0.8960
96,12,2,6,3,24,12,3,12,6,3,1,3,3,6,2|1.0861
96,12,2,6,3,24,12,3,12,6,3,3,3,3,6,3|1.0466
96,12,2,6,3,24,12,6,12,6,3,3,3,3,6,1|1.0777
96,12,2,12,3,24,12,3,12,6,3,1,3,3,6,1|1.0893
96,12,2,12,3,24,12,3,12,6,3,1,2,6,6,1|1.1214
96,12,2,12,3,24,12,3,12,12,3,1,2,2,6,1|1.1141
96,12,2,12,3,24,12,3,3,24,3,1,2,2,6,1|0.8672
96,12,2,12,6,48,12,3,2,2,3,1,0,6,6,1|-0.1291
3,12,2,12,96,48,12,3,6,2,3,1,2,6,6,1|0.0452
3,3,3,1,0,0,0,2,0,3,1,2,0,1,0,0|6.5339
3,3,3,3,0,3,1,2,0,1,0,0,0,2,0,0|6.5273
6,3,3,0,3,1,2,0,1,0,0,0,2,0,0,1|6.5409
6,3,3,0,3,1,2,0,3,0,0,1,2,0,0,0|6.5348
6,3,3,0,6,1,2,1,2,0,0,0,3,0,0,0|6.5188
6,6,0,0,6,3,1,2,2,0,0,0,3,0,0,0|6.3632
12,0,0,2,6,3,3,0,2,0,0,0,3,0,0,0|6.1578
12,0,2,0,6,6,0,3,2,0,0,0,3,0,0,0|6.1126
12,2,0,1,12,0,3,0,2,0,0,0,3,0,0,0|6.0777
1,0,0,0,24,2,0,1,2,0,3,0,3,0,0,0|5.8930
1,2,0,1,24,0,3,0,2,0,0,0,3,0,1,0|5.9786
3,0,1,0,24,3,0,0,2,0,0,0,3,1,0,2|6.0044
3,3,1,0,24,0,0,0,2,1,0,2,3,2,0,0|6.1105
6,1,0,0,24,0,0,0,3,0,2,3,3,2,0,0|5.9369
6,1,0,0,24,0,2,3,6,2,0,0,0,0,0,3|5.9035
6,1,0,0,24,2,3,1,6,2,0,0,0,0,3,0|6.0904
6,3,3,1,24,2,0,0,6,0,3,0,0,0,3,0|6.0176
6,6,1,2,24,2,0,0,6,3,0,0,0,3,0,0|6.0451
12,1,2,1,24,2,0,0,6,3,0,0,3,0,0,0|5.9728
12,3,2,1,24,3,0,0,6,0,0,0,3,2,0,0|5.9508
12,3,3,3,24,3,0,0,6,0,0,0,3,2,0,0|5.9091
12,6,3,1,24,3,0,0,6,0,0,0,3,2,0,0|5.9277
12,6,3,1,24,3,0,0,6,2,0,0,3,3,0,0|6.0565
12,6,3,1,24,3,0,0,6,2,0,0,6,0,0,2|6.0357
12,6,3,1,24,3,0,0,6,2,0,0,6,0,2,3|6.1451
12,6,3,1,24,3,0,0,12,2,2,3,0,0,0,1|6.1049
12,6,3,1,24,3,0,0,12,2,2,3,0,0,1,1|6.2449
12,6,3,1,24,3,2,3,12,2,1,1,0,0,2,0|6.3953
12,6,3,1,24,3,2,3,12,3,1,2,0,2,0,0|6.3859
12,6,3,1,24,6,3,3,12,2,0,2,0,0,3,0|6.1969
12,12,6,1,24,2,0,3,12,0,3,2,0,0,2,0|6.0182
12,12,6,1,24,2,3,3,12,0,2,2,0,0,2,0|6.1798
24,6,1,1,24,2,6,0,12,2,2,0,0,2,0,0|5.8617
48,6,1,1,12,2,6,0,0,2,2,0,1,2,0,0|5.0640
48,6,1,1,12,2,6,0,2,2,0,2,3,0,0,0|5.0765
48,6,1,1,12,2,6,2,2,2,0,0,3,0,0,1|5.2294
48,6,1,3,12,2,6,0,2,2,0,1,3,0,0,1|5.2226
48,6,1,3,12,2,6,0,2,2,1,3,3,0,1,0|5.3562
48,6,1,3,12,2,6,0,2,3,3,3,3,1,0,0|5.3201
48,6,1,3,0,12,2,6,0,2,3,6,3,3,1,0|5.2543
48,6,3,3,0,12,3,12,3,2,1,0,0,3,3,0|4.9989
48,6,6,0,12,3,12,0,3,3,0,2,3,3,0,0|4.8239
48,6,6,0,12,6,12,2,6,3,0,0,3,0,0,0|4.6892
48,12,6,2,12,3,12,0,6,0,0,0,3,0,0,1|4.6448
48,12,6,2,12,3,12,0,6,0,0,1,3,0,0,3|4.7608
48,12,6,2,0,12,3,12,0,6,0,1,3,3,0,3|4.8872
48,24,6,2,0,6,3,12,3,3,0,1,0,2,0,3|4.6639
48,24,6,2,6,3,12,0,6,0,1,0,2,0,3,2|4.6910
48,24,6,2,6,3,12,0,6,1,0,1,2,3,2,0|4.8385
48,24,6,2,12,3,12,1,2,1,2,0,2,3,0,0|4.8364
48,24,6,3,12,3,12,0,2,1,2,0,2,3,0,1|4.8046
48,24,6,3,12,3,12,0,3,2,0,1,2,3,1,0|4.7933
48,24,6,3,12,3,12,0,3,2,1,3,2,3,1,0|4.9523
48,24,6,3,2,12,3,12,0,3,3,3,0,2,3,1|4.9717
48,24,6,3,2,12,6,12,0,3,3,3,0,2,1,1|4.9615
48,24,12,3,2,12,3,12,0,3,1,3,0,2,2,1|4.9617
48,24,12,3,2,12,3,12,0,3,3,3,0,2,1,1|4.9524
48,24,12,3,2,12,6,12,0,3,1,3,0,2,1,1|4.9734
48,24,12,3,2,12,6,12,3,1,3,6,2,1,1,0|5.0349
48,24,12,3,2,12,6,12,3,1,3,6,3,1,0,3|5.0067
48,24,12,3,2,12,6,12,3,1,3,6,3,1,3,3|5.1290
48,24,12,3,2,12,6,12,6,1,6,6,1,1,0,3|5.0317
48,24,12,3,2,12,12,12,6,1,0,6,1,1,3,3|4.9149
48,24,24,3,2,12,0,12,6,1,3,6,1,1,2,3|4.7185
48,48,3,0,2,12,12,2,6,1,3,6,1,3,3,0|3.8625
48,48,3,2,2,12,12,6,6,1,6,0,1,3,0,1|3.8570
96,3,2,0,2,24,6,0,6,1,6,0,1,3,1,6|1.0919
96,3,2,0,2,24,12,0,6,1,1,6,1,3,0,2|1.0572
96,3,2,0,2,24,12,6,6,1,1,2,1,3,0,2|1.2031
96,3,2,0,2,24,12,6,6,1,3,0,1,3,2,2|1.2094
0,96,3,2,2,24,12,6,3,6,1,3,1,3,2,2|1.2561
96,3,2,2,2,24,12,6,3,6,1,3,1,3,2,2|1.4934
96,3,2,2,2,24,12,6,3,6,3,3,1,3,3,2|1.4411
96,3,2,2,2,24,12,6,3,6,6,0,1,6,2,1|1.3193
96,3,2,2,2,24,12,6,1,3,6,6,0,1,6,3|1.3279
96,3,2,2,3,24,12,12,0,3,12,3,0,1,0,3|0.9071
96,3,2,2,1,3,24,24,0,3,12,3,0,0,1,3|0.7068
96,6,2,2,1,3,24,24,0,0,12,6,0,0,1,3|0.5470
96,6,2,2,2,1,3,48,0,0,12,6,0,0,1,3|-0.1924
96,6,2,2,1,3,3,48,0,0,12,6,0,0,1,3|-0.1812
96,6,2,2,1,6,48,3,0,12,6,0,0,1,3,0|-0.1695
96,6,2,2,1,6,48,3,12,6,0,3,1,3,0,0|-0.0573
96,12,2,2,1,6,48,6,12,3,0,0,1,3,0,0|-0.2345
96,12,2,2,1,6,48,6,12,6,0,0,1,1,0,0|-0.2112
96,12,2,2,1,12,48,6,12,1,0,0,1,2,0,0|-0.2374
96,24,2,2,1,1,48,6,12,2,0,0,1,2,0,0|-0.4230
96,0,0,3,1,24,2,2,12,3,48,6,1,2,0,0|-0.4381
96,24,2,3,1,3,48,2,12,2,0,6,1,1,0,0|-0.2526
96,24,2,3,1,3,48,2,12,3,0,6,1,12,0,0|-0.4766
96,24,2,3,1,6,48,2,12,12,0,6,1,2,0,0|-0.4900
96,24,2,3,1,6,48,2,24,0,6,0,3,0,0,1|-0.8528
96,24,2,3,1,6,48,2,24,0,6,1,3,0,0,2|-0.6751
96,24,2,3,1,6,48,2,24,6,1,0,3,0,2,1|-0.4767
96,24,2,3,1,12,48,2,24,0,3,1,3,2,0,0|-0.6778
96,24,2,3,1,12,48,2,1,24,3,1,0,3,2,0|-0.4583
96,24,2,3,1,12,48,3,1,24,3,0,0,3,2,3|-0.4782
0,24,2,3,96,12,48,3,1,24,3,3,1,3,2,3|-0.3575
0,24,2,1,96,12,48,3,1,24,3,3,1,3,2,6|-0.3061
2,0,24,3,96,12,48,3,0,1,24,6,1,3,2,6|-0.4942
3,2,24,3,96,12,48,3,0,1,24,6,1,3,2,6|-0.2916
3,2,24,0,3,12,48,3,96,1,24,3,1,3,2,12|-0.2384
1,3,2,24,3,12,48,3,96,1,24,3,1,3,2,12|0.0055
