0,0,1,1,0,1,3,2,0,2,0,2,2,0,0,3|9.3447
0,1,1,3,0,2,3,2,2,0,0,3,0,3,0,0|9.3457
0,3,1,3,2,0,3,2,0,3,0,3,1,0,0,0|9.3571
3,1,3,3,2,3,2,0,3,0,3,0,1,0,0,0|9.5191
3,1,6,0,2,3,2,0,3,3,0,1,1,0,0,0|9.5516
3,1,6,0,2,6,2,1,3,0,0,0,1,1,0,0|9.6147
3,1,6,1,2,6,2,0,3,1,0,0,1,2,0,0|9.8083
3,1,6,1,0,2,6,2,2,3,1,0,0,1,2,0|9.9224
3,3,12,3,2,3,1,0,0,1,2,0,3,0,0,0|9.5571
3,6,12,3,2,1,3,0,3,0,0,0,0,1,0,0|9.4523
3,6,12,3,2,1,3,0,3,1,0,0,0,3,0,0|9.6081
3,6,12,3,3,3,0,3,3,1,0,0,3,0,0,0|9.5344
6,6,12,6,3,3,0,0,3,1,0,0,1,0,0,0|9.4313
6,6,12,6,6,3,0,0,1,1,0,0,2,0,0,0|9.4688
12,12,6,2,6,3,0,0,1,1,0,0,2,0,0,0|9.4669
12,12,6,2,6,3,0,0,3,1,0,0,3,0,0,0|9.4555
24,6,2,3,6,3,0,0,3,1,0,0,3,0,0,0|9.2348
24,6,2,3,6,3,0,0,6,1,0,0,2,0,0,0|9.2846
24,6,2,3,12,3,0,0,2,1,0,0,1,0,0,0|9.2451
24,6,2,3,12,3,0,0,3,0,0,3,1,0,0,0|9.2361
24,6,2,3,12,3,0,0,3,0,3,2,1,0,0,0|9.4078
24,6,2,3,12,3,0,0,3,3,2,3,1,0,0,0|9.5501
24,6,2,3,12,3,0,0,6,2,3,1,1,0,0,0|9.6130
24,6,2,3,12,3,3,1,6,2,0,0,1,0,0,2|9.7866
24,6,2,3,12,6,1,0,6,2,0,0,1,0,2,1|9.8008
24,12,3,3,12,2,0,0,6,0,2,1,1,0,2,0|9.6257
24,12,6,0,12,2,0,0,6,2,1,0,1,2,0,3|9.6512
24,12,6,0,12,2,0,0,6,3,0,1,3,0,3,0|9.5274
24,12,6,0,12,2,0,0,6,3,1,0,3,3,0,1|9.7042
24,12,6,0,12,2,1,0,6,6,0,1,3,0,1,0|9.7517
24,12,6,0,12,3,0,0,12,0,1,0,3,1,0,1|9.5499
24,12,6,0,24,3,1,0,3,1,0,1,0,0,0,3|9.3788
24,12,6,0,24,3,1,0,3,1,1,0,0,0,3,1|9.5784
24,12,6,0,24,3,1,0,3,1,1,0,0,3,1,3|9.7387
24,12,6,0,24,3,1,0,3,1,1,0,3,1,3,2|9.9197
48,12,6,0,3,3,1,0,3,1,1,2,0,1,3,3|9.1314
48,12,6,0,6,1,0,3,3,1,3,0,1,3,3,0|8.9938
48,12,6,3,6,1,3,0,3,1,3,0,1,3,2,0|9.2170
48,12,6,3,6,1,6,0,3,1,2,0,1,3,2,0|9.2709
48,12,6,3,6,1,6,0,3,3,0,2,1,3,2,0|9.2656
48,12,12,3,6,1,0,2,3,6,2,0,1,0,0,1|9.1310
3,48,24,3,0,6,1,2,0,3,6,2,0,1,0,1|8.9671
3,48,24,3,6,1,2,2,3,6,2,0,1,0,1,0|9.1841
3,48,24,3,2,6,3,2,0,3,6,2,0,1,0,1|9.2018
3,48,24,3,2,6,3,2,0,3,6,3,0,1,0,3|9.2103
3,48,24,3,2,6,3,2,0,3,6,6,0,1,0,2|9.2796
3,48,24,3,2,6,3,2,0,0,3,12,3,0,1,2|9.2497
3,48,24,3,2,6,6,2,3,0,1,12,1,0,0,2|9.3306
3,48,24,3,1,2,12,2,0,3,1,12,0,1,0,2|9.3723
3,48,24,3,3,12,2,3,3,1,12,0,1,0,2,0|9.3649
3,48,24,3,3,12,2,3,6,3,1,12,0,1,0,2|9.4583
6,48,24,6,6,12,3,12,0,3,0,2,0,1,1,0|9.1525
12,48,24,6,0,12,3,12,0,3,1,2,0,1,2,0|9.1376
12,48,24,6,12,3,12,3,3,1,2,0,1,2,0,0|9.3135
24,48,24,6,3,3,12,3,1,3,2,0,0,3,0,0|8.9503
24,48,24,6,3,6,12,3,1,3,2,0,0,3,0,0|8.9780
24,48,24,6,3,6,12,3,1,6,2,0,0,1,0,0|9.0665
24,48,24,6,3,12,12,3,1,1,2,0,0,2,0,0|9.0360
24,48,24,6,0,3,24,3,0,1,1,2,3,0,2,0|8.8164
24,48,48,6,0,3,1,3,3,1,2,2,0,0,2,0|8.0876
24,48,48,6,3,3,3,3,0,1,2,2,2,0,0,0|8.1398
24,96,6,0,6,3,3,0,1,2,2,1,2,0,0,0|5.6730
24,96,6,0,6,6,0,0,3,2,1,2,2,0,0,0|5.5770
24,96,6,0,12,0,0,1,3,3,2,0,2,0,0,0|5.3921
24,96,6,1,12,3,2,0,3,0,0,0,2,0,0,1|5.6980
24,96,6,1,12,3,2,0,3,0,0,1,2,0,0,3|5.8750
24,96,6,1,12,3,2,1,3,0,0,3,2,0,0,3|6.0529
24,96,6,1,12,3,2,1,3,0,0,6,2,0,0,3|6.1118
24,96,6,1,0,12,3,3,1,3,0,6,0,2,0,3|6.1317
24,96,6,1,12,3,3,1,1,3,6,0,2,0,3,0|6.3827
24,96,6,1,12,6,3,1,3,0,6,0,1,0,3,0|6.2946
24,96,6,1,12,6,3,1,3,6,0,2,1,3,0,0|6.5076
24,96,6,1,12,12,3,3,3,3,0,0,1,1,0,0|6.3816
24,96,6,1,24,3,3,0,6,0,0,2,1,1,0,0|6.0767
48,96,6,1,6,3,3,2,1,1,0,0,0,0,0,3|5.3428
48,96,6,1,2,6,6,2,0,1,1,0,0,0,0,3|5.4500
48,96,6,1,0,2,12,2,12,0,1,1,0,0,0,3|5.1983
48,96,6,3,12,2,12,1,0,0,1,3,2,0,0,0|5.3277
48,96,6,3,12,2,12,1,0,1,3,2,2,0,0,0|5.5282
48,96,6,3,12,3,12,3,2,0,3,0,3,0,0,0|5.4197
48,96,6,3,12,3,12,3,2,3,0,3,3,0,0,0|5.5925
48,96,6,6,12,6,12,3,2,0,0,0,3,0,0,3|5.4763
48,96,12,1,12,6,12,3,2,0,0,0,3,0,3,0|5.5113
48,96,24,1,12,6,0,3,2,0,3,0,3,0,2,0|5.3375
48,96,24,1,12,6,3,0,2,3,0,0,3,2,0,1|5.6149
48,96,24,1,0,12,6,3,0,2,3,0,3,3,2,1|5.7734
48,96,24,1,0,12,6,3,3,2,3,1,6,3,2,0|5.9531
48,96,24,1,3,12,6,3,6,2,3,1,2,3,2,0|6.2641
48,96,24,1,3,12,6,3,6,2,3,1,2,2,3,2|6.4862
48,96,24,1,3,12,6,3,6,2,6,3,2,2,1,0|6.4396
48,96,24,1,3,12,12,6,6,2,1,0,2,2,0,1|6.3143
48,96,24,1,3,24,6,0,6,3,0,0,2,2,1,2|6.0002
48,96,24,1,3,24,6,0,6,3,1,2,2,2,0,3|6.2374
48,96,24,1,0,3,24,6,1,6,3,3,0,2,2,3|6.3258
48,96,48,1,1,3,3,6,0,6,2,6,0,2,2,0|5.5456
48,96,48,1,1,3,3,12,0,6,2,0,0,2,2,1|5.5866
48,96,48,1,1,3,3,12,0,6,2,1,0,2,2,1|5.8590
48,96,48,1,1,6,12,0,6,2,1,3,2,2,1,0|5.9028
48,96,48,1,0,1,6,12,3,6,3,3,0,2,2,1|5.9578
48,96,48,1,3,1,6,12,0,6,3,3,1,2,2,1|6.2343
48,96,48,1,3,1,6,12,0,0,6,6,2,1,2,3|6.1521
48,96,48,1,3,1,12,12,2,1,2,6,0,0,2,3|6.2513
48,96,48,1,3,3,1,24,0,2,3,6,0,0,2,3|5.9819
48,96,48,1,6,1,24,0,2,3,6,3,0,2,3,0|6.0140
48,96,48,1,1,6,1,24,2,3,6,3,0,0,2,3|6.3674
48,96,48,1,3,6,1,24,0,3,6,6,0,0,2,2|6.3224
48,96,48,1,3,6,1,24,3,6,6,0,0,2,2,1|6.5388
48,96,48,1,6,12,1,24,0,2,6,1,1,0,2,0|6.5266
48,96,48,1,6,12,1,24,2,6,1,0,1,2,0,2|6.7260
48,96,48,1,6,12,1,24,3,6,1,2,3,2,0,0|6.8468
48,96,48,1,6,12,1,24,6,6,1,2,1,2,0,0|6.9592
48,96,48,1,12,12,1,24,1,6,1,2,2,2,0,0|7.0432
48,96,48,1,12,12,1,24,3,6,1,2,3,2,0,0|7.1187
48,96,48,1,12,12,1,24,6,6,1,2,12,2,0,0|6.9857
48,96,48,1,0,24,1,24,2,6,6,3,0,12,2,0|6.7344
48,96,48,1,2,24,1,24,0,6,6,3,3,12,2,0|7.0546
48,96,48,1,2,24,1,24,3,6,6,3,1,12,2,0|7.3565
48,96,48,1,2,24,1,24,3,12,3,3,1,12,2,0|7.3800
48,96,48,1,2,24,1,24,3,24,3,3,1,1,2,0|7.2751
48,96,48,1,2,48,1,24,3,1,3,3,1,2,2,0|6.6119
48,96,48,1,2,48,1,24,3,3,3,3,1,2,2,0|6.7304
48,96,48,1,2,48,1,24,6,3,3,0,3,2,0,1|6.7206
48,96,48,1,2,48,1,24,2,6,3,3,0,3,2,1|7.0326
48,96,48,1,2,48,1,24,0,2,6,6,2,0,3,3|7.0262
48,96,48,1,2,48,1,24,0,0,2,12,3,2,0,6|6.8817
48,96,48,1,2,48,3,24,3,2,0,12,0,1,0,6|7.0288
48,96,48,1,2,48,3,24,3,3,0,12,0,3,0,6|7.1278
0,0,3,1,48,96,48,24,2,48,3,12,3,6,0,6|7.2486
0,0,3,1,48,96,48,24,2,48,3,12,3,3,6,6|7.5212
0,0,3,1,48,96,48,24,2,48,3,12,2,3,3,12|7.6157
48,96,3,1,2,48,48,24,2,3,6,24,2,0,0,0|7.3820
48,96,3,1,0,2,96,24,2,3,6,24,3,2,0,0|5.1302
48,96,3,1,0,2,96,24,2,3,6,24,3,3,2,0|5.4003
1,0,3,0,48,96,96,1,2,2,6,24,3,6,2,24|5.6623
1,96,3,1,48,2,96,24,2,6,6,24,3,2,2,0|6.0963
1,96,3,3,48,2,96,1,2,6,6,24,3,2,2,24|6.4422
0,1,96,6,48,2,96,1,1,2,12,24,3,2,2,24|6.2401
1,96,6,1,48,2,96,1,3,12,24,0,3,2,2,24|6.5400
6,96,6,0,1,2,96,1,48,12,24,1,6,2,2,24|6.6319
2,6,96,6,0,3,96,1,48,12,24,1,6,2,2,24|6.6659
0,6,1,6,2,3,192,1,48,12,24,1,6,2,2,24|-0.3181
2,0,3,0,0,2,0,0,0,0,3,2,3,1,2,3|3.1991
2,2,3,0,0,0,3,2,3,1,2,3,0,0,1,0|3.3087
2,2,6,2,3,1,2,3,0,0,1,0,0,0,0,1|3.3082
2,3,6,2,3,0,3,3,0,0,0,1,0,0,0,1|3.1176
2,3,6,2,3,3,3,0,0,0,1,0,0,0,1,1|3.2068
2,6,6,2,3,0,3,0,0,0,1,1,0,2,1,0|3.1660
0,2,12,2,0,3,0,3,0,0,1,1,3,0,2,1|3.0550
2,12,2,0,3,0,3,0,0,1,1,1,3,2,1,0|3.1640
2,12,2,0,3,1,3,1,3,2,1,0,0,0,1,2|3.2928
2,12,2,1,6,3,3,0,0,0,1,2,2,0,1,0|3.0915
0,2,12,3,0,6,3,3,0,0,0,3,3,2,0,1|2.8701
2,12,3,0,6,3,3,3,0,0,3,0,3,2,1,0|2.9286
2,12,3,0,6,6,3,0,0,3,0,0,3,3,0,2|2.7370
2,12,6,0,6,6,0,0,3,6,0,2,0,0,0,1|2.5552
2,12,6,0,6,12,0,2,3,0,0,1,0,1,0,0|2.4434
2,12,6,0,6,12,2,3,3,0,1,0,1,0,0,0|2.5714
2,24,6,3,6,0,3,0,3,0,0,0,1,0,2,0|2.1293
2,24,6,3,0,6,0,3,0,3,0,0,1,1,0,2|2.2171
2,24,6,3,3,0,6,3,0,0,3,0,0,1,1,2|2.2747
2,24,12,6,3,0,3,0,0,1,1,2,0,0,3,0|2.0122
2,24,12,6,3,3,0,0,1,1,2,1,0,3,0,0|2.1196
2,24,12,6,0,3,3,0,0,1,1,3,2,0,3,0|2.0969
2,24,12,6,0,3,3,3,2,1,1,0,0,0,3,3|2.1540
2,24,12,6,3,3,3,0,3,1,0,0,0,3,3,3|2.0710
2,24,12,6,6,3,0,0,3,1,0,0,3,3,3,2|2.0479
2,24,12,6,0,6,3,0,0,3,1,0,1,3,6,2|2.0347
2,24,12,6,0,6,3,0,1,6,1,2,0,0,6,1|1.9913
2,24,12,6,1,12,3,2,0,0,1,1,2,0,6,0|1.8978
3,24,12,6,0,12,3,3,2,0,1,0,0,0,6,2|1.6741
3,24,12,6,12,3,3,0,2,1,0,3,0,6,2,0|1.7903
3,24,12,6,12,6,0,0,3,0,3,0,6,2,0,1|1.5464
3,24,12,6,12,6,3,0,3,2,0,1,6,0,3,0|1.6423
3,24,12,6,12,6,3,0,3,2,1,0,6,3,0,3|1.7281
3,24,12,6,2,12,6,3,0,3,2,1,0,6,3,3|1.8337
3,24,12,6,2,12,6,3,1,0,3,3,0,0,6,6|1.5892
3,24,12,6,3,12,6,6,0,0,3,6,1,0,6,0|1.3745
6,24,12,12,0,12,6,6,1,0,3,0,0,0,6,2|1.1197
6,24,24,0,12,6,6,0,1,3,0,2,0,6,2,0|0.8848
6,48,0,0,12,12,0,3,1,3,2,0,6,2,0,0|-0.1403
6,48,0,3,12,12,2,0,1,3,0,0,6,2,1,0|-0.0356
6,48,2,3,12,12,0,0,1,3,1,0,6,2,2,0|0.0990
6,48,2,3,24,0,0,3,1,3,1,0,6,2,2,0|-0.2365
6,48,2,6,24,3,1,0,1,2,2,0,6,0,2,0|-0.2223
6,48,2,6,24,3,1,0,3,2,0,0,6,2,0,3|-0.2982
6,48,3,6,24,3,0,0,3,2,0,3,6,2,1,0|-0.3742
6,48,3,6,24,3,0,3,3,2,1,0,6,2,0,2|-0.2804
6,48,3,6,24,3,1,3,3,2,0,2,6,2,3,0|-0.1768
6,48,3,6,24,3,1,3,3,2,3,2,6,2,6,0|-0.1333
1,2,0,1,0,3,0,0,1,3,1,0,0,0,3,2|6.6118
1,2,0,1,1,6,1,0,0,0,3,2,2,0,0,0|6.6456
1,2,1,1,1,6,3,2,2,0,0,0,0,0,0,3|6.7395
1,2,1,3,3,6,3,0,0,0,0,3,2,0,0,0|6.5838
3,1,3,0,3,6,3,0,0,0,3,2,2,0,0,0|6.5783
6,1,6,0,0,6,3,2,2,0,0,0,0,0,1,0|6.4630
6,1,6,0,6,3,2,1,2,0,0,0,0,1,0,0|6.6080
6,1,6,0,6,3,3,0,2,0,0,0,1,0,0,2|6.5832
12,1,6,0,2,3,3,0,1,0,0,2,1,0,0,0|6.5487
3,12,1,6,0,2,3,3,0,1,0,2,0,1,0,0|6.6744
3,12,1,6,2,3,3,0,1,0,2,0,1,0,0,3|6.7604
3,12,1,6,3,3,3,0,1,0,2,3,0,0,0,3|6.7167
6,12,1,6,1,3,3,3,0,0,2,3,1,0,0,0|6.7332
6,12,1,6,1,3,3,6,1,0,2,0,2,0,0,0|6.7300
6,12,1,12,1,3,3,0,3,0,2,0,3,0,0,0|6.5071
6,12,1,12,1,3,3,0,6,0,2,0,2,0,0,0|6.5345
6,12,1,12,1,6,0,2,6,2,0,0,2,0,0,0|6.5821
6,12,1,12,1,1,6,2,0,6,2,0,0,2,0,0|6.7800
0,12,2,0,6,1,1,12,1,6,6,2,0,2,2,0|6.9082
6,12,3,12,1,1,6,2,0,6,2,0,3,2,0,0|6.8566
6,12,3,12,1,1,6,2,6,2,0,3,3,2,0,0|6.9454
6,12,3,12,1,1,6,2,6,2,3,2,3,2,0,0|7.1044
6,12,3,12,1,3,6,2,6,2,3,2,3,1,0,0|7.0838
6,12,3,12,1,3,6,2,6,2,3,2,3,3,1,0|7.2034
6,12,3,12,1,3,6,2,6,2,3,2,6,1,0,1|7.1833
6,12,3,12,1,3,6,2,12,3,3,3,0,0,0,3|6.7936
6,12,3,12,1,6,6,2,12,0,3,6,0,1,0,0|6.6541
6,12,3,12,1,6,6,2,12,1,3,6,0,2,0,0|6.8450
6,12,3,12,1,6,6,2,12,3,3,6,0,1,0,0|6.8261
6,12,3,12,1,12,2,2,12,6,6,0,1,0,0,0|6.6476
6,24,3,12,1,6,2,2,12,0,6,0,1,2,0,0|6.4094
6,24,3,12,1,6,2,2,12,6,0,3,3,0,0,0|6.3715
6,24,3,12,1,12,2,2,12,0,0,3,3,2,0,0|6.3239
6,24,3,12,1,12,2,2,12,0,3,1,3,2,0,0|6.4667
6,24,3,12,1,12,2,3,12,2,3,0,3,0,0,1|6.5098
6,24,3,12,1,12,2,3,12,2,3,0,3,0,1,2|6.6532
6,24,3,12,1,12,2,3,12,2,3,0,3,1,2,3|6.7770
6,24,3,12,1,12,2,3,12,2,3,0,3,3,3,1|6.7711
6,24,3,12,1,12,2,3,12,2,3,0,6,3,1,3|6.7656
6,24,3,12,1,12,2,3,3,12,2,3,6,3,1,3|6.8404
6,24,3,12,1,24,2,6,3,3,3,3,6,0,2,0|6.2955
6,48,3,12,1,3,2,6,3,0,3,3,6,1,2,0|5.5110
6,48,3,12,1,3,2,6,0,3,0,6,2,6,1,2|5.5169
6,48,3,12,1,6,2,12,2,6,1,2,0,1,0,0|5.3631
6,48,3,24,3,12,3,2,0,1,0,0,0,0,2,0|4.6197
6,48,6,24,3,12,0,2,0,1,2,0,0,0,3,0|4.5567
6,48,6,24,3,12,2,0,1,2,0,2,0,3,0,0|4.7141
6,48,6,24,3,12,2,0,3,0,2,3,3,0,0,0|4.6618
6,48,6,24,6,12,2,3,3,0,2,0,0,0,0,1|4.6899
12,48,6,24,3,12,2,3,0,0,2,1,1,0,0,0|4.6584
12,48,6,24,3,12,2,3,0,2,1,3,1,0,0,0|4.7872
12,48,6,24,3,12,3,6,1,2,0,0,3,0,0,0|4.6165
12,48,6,24,3,12,3,6,3,0,0,3,3,0,0,0|4.5562
12,48,6,24,6,12,3,6,3,0,0,3,1,0,0,0|4.5662
12,48,6,24,6,12,3,6,3,0,3,2,1,0,0,0|4.7267
12,48,6,24,6,12,6,6,3,0,0,2,1,0,3,0|4.6676
12,48,12,24,6,12,0,6,3,0,3,2,1,0,3,0|4.5688
12,48,12,24,6,12,3,6,3,0,3,2,1,0,1,0|4.7706
12,48,12,24,6,12,6,6,3,0,1,2,1,0,2,0|4.7527
12,48,12,24,6,12,12,3,3,1,2,0,1,2,0,0|4.7152
12,48,24,24,6,12,2,3,3,3,0,0,1,6,0,0|4.2882
12,48,48,0,6,12,2,3,6,0,0,2,1,6,0,0|3.3416
12,96,0,1,6,12,2,3,6,0,2,0,1,6,0,0|0.9355
12,96,2,1,12,12,2,3,1,6,0,0,0,2,0,0|0.9698
24,96,2,1,1,12,2,3,0,6,0,0,1,2,0,0|0.7545
24,96,3,1,1,12,2,3,6,0,0,0,3,0,0,0|0.6397
24,96,3,1,1,12,2,3,0,6,0,0,3,3,0,0|0.7454
24,96,3,1,1,12,2,3,3,6,0,0,1,3,0,0|0.9315
24,96,3,1,1,12,2,3,2,3,6,0,0,1,3,0|1.1081
24,96,3,1,1,12,2,3,2,3,6,0,1,3,0,1|1.2351
24,96,3,1,1,12,2,3,2,3,6,0,1,3,1,3|1.3927
24,96,3,1,3,12,2,3,1,6,6,3,0,0,1,3|1.2207
24,96,3,1,3,12,2,6,1,6,6,3,0,0,1,2|1.2692
24,96,3,1,3,12,2,6,1,12,3,1,0,1,2,0|1.2581
24,96,3,1,3,24,2,6,1,1,3,1,0,2,2,0|1.0376
24,96,3,1,3,24,2,6,1,1,3,1,6,0,2,2|1.1176
24,96,3,1,3,24,2,6,1,1,3,1,2,6,2,2|1.3081
24,96,3,1,3,24,2,6,3,1,3,3,3,6,2,0|1.1191
24,96,3,1,3,24,2,6,2,3,1,6,0,3,6,2|1.1506
24,96,3,1,3,24,3,12,2,6,6,2,0,1,0,0|0.8226
24,96,3,1,3,24,3,12,0,2,12,2,1,0,1,0|0.8351
24,96,6,1,3,24,12,12,1,2,1,2,0,0,2,0|0.7582
24,96,6,1,0,3,24,24,2,1,2,3,0,0,0,2|0.4118
24,96,6,1,3,24,24,1,3,2,3,0,0,0,2,0|0.4460
24,96,6,1,0,3,48,1,3,3,2,3,0,0,0,2|-0.3193
24,96,6,1,3,6,48,1,0,0,2,3,0,2,0,2|-0.2840
24,96,6,1,3,6,48,1,0,2,3,1,2,0,2,0|-0.1082
24,96,6,1,3,6,48,1,2,3,1,0,2,2,0,3|0.0382
24,96,6,1,3,6,48,1,0,2,3,1,3,2,2,3|0.1951
24,96,6,1,3,6,48,1,2,3,1,3,3,2,2,3|0.3326
24,96,6,1,3,6,48,1,2,3,3,6,3,2,1,0|0.2107
24,96,6,1,3,6,48,1,2,6,6,0,3,3,0,3|0.0194
24,0,2,0,3,96,6,1,2,12,48,1,3,3,6,3|0.0587
1,24,0,2,3,96,6,1,2,12,48,1,0,6,6,3|0.0786
1,24,6,3,3,96,48,1,2,12,6,3,0,6,0,1|0.0891
1,24,6,3,3,96,48,1,2,12,6,3,12,0,6,1|0.0202
1,3,0,3,3,24,6,1,2,96,48,3,12,12,12,1|-0.0481
1,3,3,3,3,24,6,1,2,96,48,3,24,12,1,0|-0.2357
1,6,3,2,3,24,6,1,2,96,48,3,24,12,1,0|-0.1928
1,6,3,2,3,24,6,1,2,96,48,3,3,24,12,1|-0.0892
1,6,3,2,3,24,6,3,2,96,48,3,3,24,12,1|-0.0649
1,3,3,2,1,0,0,1,0,0,3,0,2,1,0,0|10.0233
1,3,3,3,1,0,3,0,2,1,0,0,2,0,0,0|10.0517
1,3,6,3,3,1,0,0,2,0,0,0,0,3,0,0|9.9607
1,3,6,3,3,1,0,0,2,3,0,0,0,2,0,0|10.1503
1,3,6,3,0,3,1,0,1,2,3,0,0,0,2,0|10.3105
1,3,6,3,3,1,0,3,3,3,0,0,0,2,0,0|10.2914
1,3,6,3,0,3,1,3,0,3,3,0,3,0,2,0|10.4328
1,3,6,3,0,3,1,3,3,0,3,3,0,3,0,2|10.5648
1,6,6,6,3,0,1,3,0,3,3,2,0,2,0,0|10.4875
1,6,6,6,3,3,1,3,0,2,3,2,0,1,0,0|10.6808
1,6,6,6,3,3,1,3,0,3,3,2,0,2,0,0|10.7048
1,6,6,6,3,6,1,3,0,2,3,2,0,2,0,0|10.7794
1,12,6,6,3,2,1,3,0,2,3,2,0,1,0,0|10.7646
1,12,12,0,3,3,3,1,2,3,2,0,1,0,0,0|10.5605
1,12,12,1,3,6,3,0,3,0,2,0,0,0,0,3|10.4371
2,1,24,1,0,3,6,3,0,3,0,2,0,0,0,3|10.2643
3,24,1,3,3,6,3,0,3,0,2,0,0,0,3,0|10.2622
6,24,1,3,3,6,3,0,0,0,2,0,3,0,3,0|10.2709
6,24,1,3,3,6,3,0,3,0,2,0,1,0,3,0|10.4502
6,24,1,3,6,6,3,0,1,0,2,0,2,0,3,0|10.4802
12,24,1,3,1,6,3,0,2,0,2,0,1,0,3,0|10.4809
12,24,1,3,3,6,3,0,1,0,2,0,1,0,3,0|10.5223
12,24,1,3,0,3,6,3,3,1,0,2,0,1,0,3|10.6744
12,24,1,3,3,6,3,0,3,1,2,0,1,0,3,2|10.8673
12,24,1,3,6,6,3,0,1,1,2,2,0,0,3,3|10.8809
12,24,1,3,12,3,0,0,1,3,2,0,0,3,3,2|10.7153
24,24,1,3,1,6,2,0,0,3,3,2,2,0,0,0|10.3904
24,24,3,3,1,6,3,2,2,3,0,0,0,0,1,0|10.4162
24,24,6,3,3,6,0,2,0,3,1,0,0,0,3,0|10.2729
24,24,6,3,3,6,1,2,0,3,3,0,0,0,3,0|10.4503
24,24,6,3,3,6,1,2,0,3,6,0,0,0,1,0|10.5384
48,6,3,2,3,6,3,0,3,6,0,0,0,1,0,0|9.6174
48,12,6,2,6,6,0,0,0,1,0,0,2,0,0,0|9.3172
48,12,6,2,6,6,0,0,2,1,0,0,3,0,0,0|9.4978
48,12,6,2,12,0,0,0,3,0,0,1,3,0,0,0|9.3092
48,12,6,2,12,0,0,0,3,0,1,2,3,0,0,0|9.4914
48,12,6,2,12,0,1,2,6,0,0,0,2,0,0,0|9.5844
48,12,6,2,12,1,2,3,6,0,0,0,2,0,0,0|9.8083
48,12,6,2,12,3,3,1,6,0,0,0,2,0,0,0|9.8230
48,12,6,3,12,3,3,0,6,0,0,0,2,0,0,1|9.8586
48,12,6,3,12,3,3,0,6,0,0,1,2,0,0,3|10.0251
48,12,6,3,12,6,0,3,6,0,1,0,2,0,3,0|10.0224
48,12,6,3,12,6,3,0,6,1,0,0,2,3,0,3|10.2506
48,12,6,3,12,6,3,0,6,1,0,3,2,3,0,1|10.4497
48,12,6,3,12,6,3,3,6,1,0,1,2,3,0,1|10.6497
48,12,6,6,12,6,3,1,6,1,0,1,2,3,0,1|10.7306
48,12,12,2,12,6,3,1,6,1,1,0,2,3,1,0|10.7624
48,24,2,2,12,6,3,1,6,1,1,0,2,3,1,0|10.5952
48,24,2,3,12,6,3,0,6,1,1,0,2,3,1,1|10.6589
48,24,2,3,12,6,3,0,6,1,1,1,2,3,1,3|10.8435
48,24,2,3,12,6,3,1,6,1,1,3,2,3,1,2|11.0591
48,24,2,3,12,6,3,1,6,1,1,3,2,3,3,2|11.1256
48,24,2,3,12,6,3,1,6,1,1,3,2,6,2,1|11.2132
48,24,2,3,12,6,3,1,6,1,3,3,2,6,2,1|11.2717
48,24,2,3,12,6,3,1,0,6,1,6,3,2,6,3|11.1712
48,24,2,3,12,6,3,1,6,1,6,1,3,2,6,3|11.3817
48,1,0,3,12,24,2,1,6,6,3,1,3,3,12,3|11.2733
48,1,3,3,12,24,3,0,12,3,1,0,6,12,3,0|10.9658
48,1,6,3,24,24,1,0,6,3,3,0,0,12,2,0|10.6894
48,1,6,3,48,1,0,0,6,6,0,0,12,2,0,2|9.7841
96,1,6,3,6,1,0,0,12,6,0,2,0,2,0,2|7.4397
96,1,6,3,6,1,0,2,12,6,0,2,0,2,0,3|7.6365
96,1,6,3,6,1,2,0,12,6,2,12,2,0,3,0|7.6444
96,1,6,3,6,1,2,12,12,6,2,0,2,0,3,3|7.8433
96,1,6,3,6,3,12,1,12,6,2,0,2,3,3,0|7.9433
96,1,6,2,6,3,12,3,12,6,2,1,2,3,3,0|8.1645
96,1,6,2,6,3,12,3,12,6,3,1,2,6,0,0|8.0967
96,1,6,2,6,3,12,3,12,12,3,1,2,3,0,0|8.1101
96,1,6,2,6,3,12,3,24,3,1,2,2,3,0,0|7.9547
96,1,6,2,6,6,12,3,24,3,1,2,2,3,0,0|8.0104
96,1,6,2,12,12,3,2,24,3,3,0,2,3,0,0|7.8573
96,1,6,2,12,12,6,2,24,6,0,0,2,1,0,0|7.7953
96,1,6,2,24,6,2,0,24,6,0,0,3,0,0,2|7.4646
96,1,6,2,48,12,2,0,3,0,0,2,0,1,0,0|6.5850
96,1,6,2,48,12,2,0,3,0,2,3,1,0,0,0|6.8067
96,1,6,2,48,12,2,0,3,2,3,12,1,0,0,0|6.8196
96,1,6,2,48,12,2,12,3,2,3,0,1,0,0,1|7.0837
96,1,6,2,48,12,2,12,3,2,3,0,1,0,1,3|7.2991
96,1,6,2,48,12,2,12,3,2,3,0,1,1,3,2|7.5358
96,0,2,0,48,1,6,2,3,12,2,12,1,3,6,2|7.5337
96,2,0,1,48,1,6,2,3,12,2,12,1,3,6,2|7.8029
96,3,6,3,48,12,2,12,3,3,6,2,1,1,0,0|7.6835
96,3,6,3,48,12,2,12,6,6,2,1,1,1,0,0|7.7653
96,3,6,3,48,12,2,12,12,2,1,3,1,1,0,0|7.7785
96,3,6,3,48,12,3,12,12,3,0,3,1,0,1,0|7.6830
96,3,0,0,48,3,6,3,12,12,3,12,1,3,1,3|7.9289
96,3,0,0,48,3,6,3,24,3,12,3,1,3,1,3|7.7362
96,6,6,3,48,3,12,3,24,3,1,3,1,2,0,0|7.8348
96,6,6,6,48,6,12,3,24,2,1,0,1,0,0,6|7.6949
96,12,6,0,48,6,12,3,24,3,0,3,1,0,6,0|7.5363
96,12,6,0,48,6,12,3,24,3,3,2,1,6,0,0|7.8492
96,12,6,0,48,6,12,3,24,6,2,1,1,6,0,0|7.9536
96,12,6,3,48,12,12,1,24,6,2,0,1,0,0,2|7.9894
96,24,6,3,48,6,12,1,24,0,2,2,1,0,0,2|7.8766
96,24,6,3,48,6,12,1,24,2,2,3,1,0,2,0|8.1754
96,24,6,3,48,6,12,1,24,2,2,3,1,1,0,2|8.4356
96,24,6,3,48,6,12,1,24,3,2,3,1,1,0,2|8.5474
96,24,6,3,48,6,12,1,24,3,2,3,1,1,2,2|8.8207
96,24,6,3,48,6,12,1,24,3,2,3,1,3,2,3|8.9056
96,24,6,3,48,6,12,1,24,6,2,6,1,0,2,2|8.9120
96,24,6,3,48,12,12,1,24,0,2,6,1,3,2,2|8.9000
96,24,6,3,48,12,12,1,24,3,2,6,1,3,2,2|9.1896
96,24,6,3,48,12,12,1,24,6,2,6,1,1,2,2|9.3208
96,24,6,3,48,24,1,0,24,6,2,6,1,3,2,1|9.0236
96,48,6,3,48,6,3,6,24,3,2,1,1,0,0,2|8.2181
96,48,6,3,48,6,3,6,24,3,3,0,1,0,2,1|8.3243
96,48,6,3,48,6,6,6,24,3,2,1,1,0,0,2|8.4721
96,48,6,3,48,12,6,0,24,3,3,0,1,0,2,3|8.3616
96,48,12,3,48,12,3,0,24,3,2,3,1,0,3,0|8.4528
96,3,12,0,48,48,3,3,24,12,2,0,1,3,3,3|8.7558
96,3,12,1,48,48,3,0,24,12,2,3,1,3,3,3|9.0705
96,3,12,1,96,3,0,0,24,12,2,3,1,6,3,3|6.6069
192,6,12,1,24,12,2,3,1,6,3,3,0,0,2,0|-0.6448
0,1,12,0,192,6,2,1,24,12,3,3,1,6,2,3|-0.3347
2,0,1,12,0,192,6,3,0,24,12,6,1,6,2,3|-0.3529
2,1,12,0,192,6,3,0,24,12,6,3,1,6,2,3|-0.0092
0,2,1,12,3,192,6,3,24,12,6,3,1,6,2,3|0.3264
0,2,3,0,3,192,1,12,24,12,12,3,1,6,2,6|0.3338
2,0,2,3,3,192,1,12,0,24,24,3,1,6,2,6|0.1532
2,2,3,0,3,192,1,12,24,24,3,2,1,6,2,6|0.5544
0,2,2,3,3,192,1,12,24,48,3,2,1,6,2,6|-0.8524
3,2,3,3,24,192,3,12,1,48,2,2,1,6,0,6|-0.7273
3,2,6,1,24,192,3,12,1,48,2,2,1,6,6,0|-0.5102
3,2,6,1,24,192,3,1,1,48,2,12,1,6,6,2|-0.1711
3,1,2,3,0,0,0,2,1,0,1,0,0,2,3,0|6.0186
3,3,3,0,0,0,2,0,1,1,0,0,2,3,0,1|5.9964
3,3,3,0,1,1,2,0,2,3,0,1,2,0,0,0|6.1443
6,3,0,0,1,3,0,3,2,3,1,0,2,0,0,0|5.9725
6,6,0,3,3,3,1,0,2,0,0,0,0,3,0,0|5.7708
12,0,3,0,6,1,0,0,2,0,0,0,3,0,0,3|5.5593
12,3,0,1,6,1,0,0,2,0,0,0,3,0,3,0|5.7080
12,3,1,0,6,1,0,0,2,0,0,0,3,3,0,2|5.8368
12,3,1,0,6,1,0,0,2,3,0,2,3,0,0,3|5.9559
12,3,1,0,6,1,0,2,2,3,0,3,3,0,0,1|6.0851
12,3,1,0,6,1,2,3,2,3,3,0,3,0,1,0|6.1846
12,3,3,3,6,1,3,0,2,3,1,0,3,0,1,0|6.1742
12,6,3,2,6,1,3,0,2,3,1,0,3,1,0,0|6.1941
12,6,6,2,6,1,1,0,2,3,0,0,3,1,1,0|6.1941
12,12,2,2,6,1,1,0,2,3,0,0,3,1,1,0|6.1243
12,12,3,2,6,1,0,0,2,3,1,0,3,1,2,0|6.0948
24,3,2,1,6,1,0,0,2,3,1,0,3,3,0,0|5.6954
24,3,3,0,6,1,0,0,2,3,1,0,6,0,0,2|5.5563
24,6,0,0,6,1,0,0,2,3,1,0,6,0,2,3|5.5274
24,6,0,0,6,1,1,0,2,3,2,3,6,0,1,0|5.6587
24,6,1,0,6,1,2,3,2,3,1,0,6,0,2,0|5.7902
24,6,3,3,6,1,1,0,2,3,2,0,6,0,0,1|5.7819
24,6,3,3,6,1,3,0,2,3,0,1,6,0,0,1|5.7638
24,6,6,0,6,1,3,0,2,3,1,0,6,0,1,3|5.7560
24,12,0,0,6,1,3,0,2,3,1,0,6,1,3,3|5.6784
0,24,12,0,0,6,1,3,0,2,3,1,3,6,1,6|5.6710
24,12,0,2,6,1,3,0,2,3,1,0,3,6,1,6|5.7738
24,12,3,2,6,1,1,0,2,3,1,6,3,6,2,0|5.9269
24,12,3,0,6,1,3,2,2,3,1,0,3,6,3,6|5.8702
24,12,6,2,6,1,1,0,2,3,3,6,3,6,0,3|5.8337
24,12,6,2,3,6,1,1,0,2,6,6,0,3,6,3|5.8175
24,12,6,2,3,6,1,1,2,6,6,2,3,6,3,0|5.9315
24,12,6,3,3,12,1,2,2,6,6,0,3,0,3,3|5.6758
24,12,6,3,3,12,3,0,2,12,0,0,3,3,3,2|5.4503
24,24,6,3,3,12,3,0,2,3,3,2,3,1,0,0|5.2150
48,6,3,0,3,12,3,0,2,6,2,1,3,1,0,0|4.3400
48,6,6,0,3,12,2,1,2,6,0,0,3,1,2,0|4.3253
48,6,6,1,3,12,2,0,2,6,2,0,3,1,0,1|4.5008
48,12,1,2,3,12,2,0,2,6,2,0,3,1,1,0|4.4166
48,24,3,2,3,6,2,0,2,1,1,0,3,0,1,0|3.9926
48,24,3,2,3,6,3,0,2,1,1,0,3,0,1,0|3.9789
48,24,3,2,3,6,3,0,3,1,0,0,3,1,0,1|3.9554
48,24,6,2,6,6,0,0,3,1,0,1,2,1,0,0|3.8022
48,24,6,2,12,0,0,2,3,1,1,0,3,0,0,0|3.5693
48,24,6,2,12,0,2,1,3,1,1,0,3,0,0,0|3.7067
48,24,6,3,12,1,3,0,6,0,0,0,0,0,3,0|3.4443
48,24,6,3,12,1,3,0,6,0,3,0,0,0,1,0|3.5823
48,24,6,3,12,1,6,0,6,0,1,0,0,0,3,0|3.5705
48,24,6,3,12,1,6,0,6,1,0,0,0,3,0,6|3.6190
48,24,12,3,12,1,0,0,6,1,0,6,0,3,0,2|3.5577
48,24,12,3,12,1,0,0,6,1,6,0,3,0,2,3|3.6868
48,24,12,3,12,1,6,0,6,1,2,3,3,0,3,0|3.8062
48,24,12,3,12,1,6,0,6,3,3,0,3,3,0,2|3.7658
48,24,12,3,0,12,1,6,0,6,3,3,3,3,3,2|3.8658
48,24,12,3,0,12,1,6,3,6,6,3,0,3,1,2|3.9060
48,24,12,3,12,1,6,0,3,12,3,3,3,1,2,0|3.8766
48,24,12,3,12,1,6,0,3,12,6,0,3,3,0,2|3.6975
48,24,12,3,0,12,1,6,0,3,12,6,3,3,3,2|3.8087
48,24,12,3,12,1,6,0,3,12,6,0,6,3,2,3|3.8302
48,24,12,3,12,1,12,0,3,12,2,3,6,3,1,0|3.8020
48,24,24,3,12,1,2,3,3,12,1,0,6,3,1,0|3.5541
48,24,24,6,12,1,3,0,3,12,1,0,6,3,0,1|3.3966
0,48,48,6,2,12,1,3,0,3,12,1,0,6,3,1|2.6594
48,48,6,2,2,12,1,3,3,12,1,0,6,3,1,0|2.7925
48,48,6,2,2,24,1,3,3,3,1,0,6,2,1,0|2.5460
96,6,2,0,2,24,1,3,6,1,0,0,6,3,0,3|-0.1502
96,6,3,3,2,24,0,0,12,1,0,3,0,3,2,0|-0.3761
0,96,6,6,0,2,24,0,2,12,1,3,0,0,3,2|-0.3316
0,0,96,12,3,0,2,24,2,12,1,3,0,0,3,2|-0.4668
3,0,96,12,2,12,3,24,0,0,3,3,0,2,0,2|-0.5216
3,12,96,12,2,0,6,24,0,2,0,3,0,1,0,2|-0.5360
3,12,96,12,0,2,6,24,0,0,2,3,3,0,1,2|-0.3601
3,12,96,12,0,2,6,24,3,0,3,3,3,0,0,2|-0.4039
3,12,96,12,3,2,6,24,3,0,3,3,1,0,0,2|-0.2473
6,12,96,12,3,2,6,24,1,0,3,3,1,0,0,2|-0.2303
6,12,96,12,3,2,6,24,2,1,0,6,0,1,0,2|-0.2329
6,12,96,12,3,3,6,24,2,1,0,6,0,1,0,2|-0.2451
6,12,96,12,0,6,6,24,1,2,1,6,0,0,1,2|-0.2270
6,12,96,12,1,0,12,24,0,1,3,6,0,0,0,3|-0.5885
6,12,96,12,3,1,12,24,0,1,3,6,0,0,0,3|-0.4096
6,12,96,12,3,1,12,24,1,3,6,2,0,0,3,0|-0.2303
6,12,96,12,3,1,12,24,1,3,6,2,1,0,0,3|-0.0806
6,12,96,12,3,1,12,24,1,3,6,2,12,1,0,3|-0.1505
0,0,0,0,2,2,3,1,3,0,0,0,1,2,1,3|1.7262
0,0,0,0,2,2,3,1,0,3,0,0,1,1,3,3|1.6805
0,0,0,0,2,2,3,1,3,0,3,0,0,1,1,6|1.6046
2,2,3,1,3,0,3,0,0,1,1,6,2,0,0,0|1.6784
2,2,6,1,3,1,1,6,2,0,0,0,0,0,0,3|1.6619
2,2,6,1,3,1,1,6,2,2,0,0,0,0,0,3|1.7451
2,3,6,1,3,2,1,6,2,0,0,3,0,0,0,1|1.6881
2,3,6,1,3,3,6,0,2,0,3,0,0,0,1,3|1.5408
2,3,6,1,6,6,0,2,2,3,0,0,0,1,3,0|1.5132
2,3,6,3,6,6,0,0,2,3,3,0,0,1,1,0|1.4554
2,3,6,3,2,6,6,0,0,2,3,3,0,0,1,1|1.5373
2,3,6,3,3,2,6,6,0,0,2,6,0,0,1,1|1.4689
2,3,12,3,3,2,2,12,0,0,1,1,0,0,1,0|1.2202
2,3,12,3,3,2,3,12,0,0,1,1,0,0,2,0|1.1412
2,3,12,3,3,2,3,12,0,0,1,1,3,0,0,2|1.1819
2,3,12,3,3,2,3,12,0,0,1,1,1,3,0,2|1.2623
2,3,12,3,3,2,3,12,1,3,1,3,0,2,0,0|1.2324
2,3,12,3,3,2,3,12,1,3,1,3,3,0,2,0|1.2723
2,3,0,0,3,3,12,3,1,2,3,12,3,3,3,3|1.1318
2,6,12,3,3,2,3,12,1,3,3,3,3,0,2,0|1.1110
2,6,12,3,3,2,3,12,1,1,3,6,0,3,0,2|1.0599
2,6,12,3,3,3,6,12,1,3,0,6,0,1,0,2|0.8085
2,6,12,3,3,6,6,12,1,1,0,6,0,1,0,2|0.7567
2,12,12,3,3,1,6,12,1,1,0,6,0,3,0,2|0.6447
0,2,24,3,3,1,6,12,1,1,1,6,0,0,3,2|0.3923
3,3,24,3,1,1,6,12,0,0,1,6,3,0,3,2|0.2696
3,3,24,3,1,1,6,12,3,0,1,6,2,0,3,2|0.3566
0,6,24,3,1,1,6,12,0,3,1,6,2,2,3,2|0.3132
1,6,24,3,0,1,6,12,2,3,1,6,3,2,3,2|0.3795
1,6,24,3,2,1,6,12,3,3,1,6,3,2,3,2|0.4055
3,6,24,3,3,1,6,12,3,3,1,6,3,2,3,2|0.3011
6,6,24,3,3,1,6,12,3,3,1,6,1,2,3,2|0.2363
6,6,24,3,6,1,6,12,1,3,1,6,2,2,3,2|0.2012
12,6,24,3,1,1,6,12,2,3,1,6,2,2,3,2|0.0958
1,0,2,1,0,0,1,3,2,0,0,3,0,3,0,2|6.6304
1,0,3,1,2,0,0,6,0,3,0,2,0,3,0,0|6.4846
0,1,3,1,1,2,0,6,0,0,3,2,0,0,3,0|6.6290
1,3,3,1,0,0,3,6,0,0,3,2,0,2,0,0|6.6336
1,3,6,1,0,0,3,6,0,2,0,2,0,0,1,0|6.6485
1,3,6,1,0,3,6,1,2,0,2,0,0,1,0,0|6.7736
1,6,12,1,2,0,2,1,0,1,0,0,0,1,0,0|6.5890
3,6,12,1,0,1,2,1,0,1,0,0,3,0,0,0|6.5647
3,6,12,1,1,2,1,0,1,0,0,2,3,0,0,0|6.7006
3,6,12,1,1,2,1,2,1,0,0,0,3,0,0,1|6.8267
3,6,12,1,0,1,2,3,0,1,0,0,2,3,0,1|6.8432
3,6,12,1,1,2,3,2,1,0,0,0,2,3,1,0|6.9699
3,6,12,3,1,2,3,0,3,3,1,0,0,0,0,3|6.7968
3,6,12,3,0,1,2,3,3,3,3,1,0,0,0,3|6.9041
3,6,12,3,3,0,3,3,0,3,6,1,0,0,0,3|6.7116
6,6,12,6,0,3,3,1,0,0,6,3,0,2,0,0|6.5694
12,12,6,0,3,3,1,2,0,6,3,0,2,0,0,0|6.5075
24,6,0,0,6,1,2,0,6,3,0,3,2,0,0,0|6.1158
24,6,0,0,6,3,0,0,6,3,3,1,2,0,0,0|6.0945
24,6,0,0,12,6,3,1,2,0,0,0,0,1,0,0|5.8934
24,12,3,1,12,0,0,0,2,1,0,0,0,0,0,1|5.8226
24,12,3,1,12,0,0,0,3,0,0,0,0,0,1,3|5.7922
24,12,3,1,12,0,0,0,3,0,1,3,0,0,3,0|5.9020
24,12,3,1,12,0,0,0,3,1,3,2,0,3,0,0|6.0521
24,12,3,1,12,1,3,2,3,3,0,0,0,0,3,0|6.2025
24,12,6,3,12,1,0,0,3,3,3,0,0,0,0,2|6.0433
24,12,6,3,12,1,3,0,3,3,0,2,0,0,2,0|6.1943
24,12,6,3,12,1,3,2,3,3,2,0,0,0,1,0|6.3657
24,12,6,3,12,1,3,2,6,2,0,0,0,1,0,3|6.3173
24,12,6,3,12,3,3,2,6,1,0,3,0,2,0,0|6.3093
24,12,6,3,12,6,2,0,6,1,3,0,2,0,0,1|6.3416
24,12,6,3,12,6,2,0,6,1,3,1,2,0,0,1|6.4943
24,12,6,3,12,6,2,1,6,1,3,1,2,0,0,2|6.6373
24,12,6,3,12,6,2,1,6,1,3,3,2,0,0,1|6.6406
24,12,6,3,12,6,3,0,6,1,6,3,2,0,1,0|6.4742
24,12,6,3,12,6,3,3,6,1,6,0,2,0,1,2|6.5982
24,12,6,3,0,12,6,6,3,6,1,6,0,2,0,3|6.4025
24,24,12,3,3,6,1,12,0,2,0,3,0,1,0,0|5.8572
24,24,12,3,3,6,1,12,0,3,0,3,0,2,0,0|5.8622
48,12,3,0,3,6,1,12,3,0,3,3,2,0,0,0|5.0276
48,12,3,12,6,6,1,3,2,0,3,0,2,0,0,0|5.0333
48,12,3,12,12,1,3,6,2,3,0,0,2,0,0,0|4.9194
48,12,6,12,12,1,0,6,2,3,0,0,2,0,3,0|4.8559
48,12,6,12,12,1,6,1,2,3,0,0,2,3,0,0|5.0627
48,12,12,12,12,1,0,1,2,6,0,0,2,0,2,0|4.8299
0,48,12,24,3,12,1,1,0,2,6,0,0,2,0,2|4.6175
3,48,12,24,0,12,1,1,0,2,6,2,1,2,0,0|4.7954
3,48,12,24,12,1,1,2,2,6,2,0,3,0,0,0|4.8538
3,48,12,24,12,1,3,2,2,6,0,0,3,0,3,0|4.8125
3,48,12,24,12,1,3,2,2,2,6,0,0,3,0,3|4.9516
3,48,12,24,12,3,3,2,2,3,6,3,0,1,0,0|4.9411
3,48,12,24,12,6,3,2,2,1,6,3,0,3,0,0|4.9310
3,48,12,24,12,6,3,2,3,6,3,1,3,0,0,0|4.8813
3,48,12,24,12,12,6,3,6,0,0,0,0,0,3,0|4.3320
3,48,12,24,24,6,3,1,6,0,0,0,0,3,0,0|4.1732
3,48,12,24,24,6,3,1,6,3,0,0,0,6,0,0|4.2547
3,48,12,24,24,6,3,1,6,3,0,0,6,0,0,1|4.3867
3,48,12,24,24,6,3,1,12,3,0,1,1,0,0,0|4.3791
3,48,12,24,24,6,3,1,12,3,1,3,1,0,0,0|4.5219
3,48,12,24,24,6,3,1,12,3,1,3,2,1,0,0|4.6752
3,48,12,24,24,6,3,1,12,3,1,3,3,0,0,3|4.6388
3,48,12,24,24,6,3,1,12,3,1,6,3,0,0,2|4.6930
3,48,12,24,24,6,3,1,12,3,1,6,3,0,2,2|4.8476
3,48,12,24,24,6,3,1,12,3,3,6,3,0,1,2|4.8326
3,48,12,24,24,6,6,1,12,3,1,6,3,0,3,2|4.8581
3,48,12,24,24,12,1,0,12,3,1,6,3,3,2,6|4.6640
3,48,12,24,24,12,1,6,12,6,3,6,3,0,2,0|4.5404
3,48,12,24,24,12,1,12,12,6,3,0,3,0,2,2|4.4973
3,48,12,24,24,12,1,12,12,6,3,2,3,0,2,1|4.6746
3,48,12,24,24,12,1,12,12,6,3,3,3,0,2,2|4.6924
3,48,12,24,24,12,1,12,12,6,6,0,3,2,2,3|4.7008
3,48,12,24,24,12,1,12,12,6,6,3,3,2,2,3|4.8495
3,48,12,24,24,12,1,12,12,6,6,6,3,2,2,3|4.8288
3,48,12,24,24,12,1,12,12,12,6,2,3,2,2,3|4.8286
3,48,12,24,24,24,1,12,12,2,6,2,3,1,2,3|4.6389
3,48,12,24,48,1,12,2,12,2,6,2,3,3,3,0|3.7497
3,48,24,24,48,3,6,2,12,3,3,2,3,0,1,0|3.3010
3,48,24,24,48,6,6,2,12,0,3,2,3,3,1,0|3.2528
3,48,24,24,48,6,6,2,12,3,3,2,3,1,1,0|3.4552
3,48,48,1,48,12,2,0,12,6,2,0,3,1,1,0|2.3881
3,48,48,1,48,12,2,0,12,6,3,0,3,1,2,0|2.4015
3,96,1,0,48,12,2,0,12,6,3,0,3,3,0,2|-0.1546
3,96,1,0,48,12,2,0,12,6,3,0,6,0,2,1|-0.1401
3,96,3,0,48,12,3,0,12,6,2,1,6,0,3,0|-0.1550
3,96,6,0,48,12,2,1,12,6,3,0,6,0,0,2|-0.1294
3,96,6,0,48,12,3,0,12,6,3,0,6,0,2,1|-0.1232
3,3,0,0,48,96,6,0,12,12,6,0,6,6,2,1|-0.1465
3,3,3,0,48,96,0,0,12,12,12,0,6,6,2,1|-0.2492
0,3,3,3,3,48,96,0,0,12,12,12,0,6,6,3|-0.2313
0,0,3,6,0,3,48,96,0,0,12,24,1,0,12,3|-0.7628
0,12,0,6,0,0,3,96,0,3,48,24,1,0,24,3|-1.2138
12,0,6,0,0,3,96,0,3,48,24,2,1,24,3,0|-0.9641
12,3,6,0,3,48,96,2,1,24,24,0,0,0,3,1|-0.8038
0,3,6,0,12,3,96,0,3,48,24,2,1,24,3,1|-0.6130
0,3,6,0,12,6,96,0,3,48,24,0,1,24,3,3|-0.8115
0,0,3,6,1,12,6,96,0,3,48,24,0,1,24,6|-0.7694
3,0,3,6,0,12,6,96,1,3,48,24,0,1,24,6|-0.6567
3,3,6,2,12,6,96,0,1,3,48,24,1,24,6,0|-0.4433
3,3,6,2,12,6,96,2,1,3,48,0,1,24,6,24|-0.1993
3,3,6,1,12,6,96,2,1,3,48,2,1,24,6,24|0.0554
3,3,6,3,12,6,96,2,1,3,48,24,1,24,6,3|0.0307
1,6,6,3,12,6,96,2,1,3,48,24,1,24,6,3|0.0766
1,12,6,3,12,3,96,2,1,24,48,24,1,2,6,3|0.1033
1,12,6,3,12,3,96,2,1,24,48,24,2,3,6,3|0.1206
2,12,6,3,1,3,96,2,12,24,48,24,3,3,6,3|0.0986
2,12,6,3,1,3,96,2,12,24,48,24,6,6,3,1|0.1372
2,12,6,3,1,3,96,2,12,24,48,24,12,3,1,2|0.1366
3,12,6,3,12,3,96,2,12,24,48,24,6,3,1,2|0.0767
3,12,6,3,12,3,96,2,12,24,48,24,6,3,3,3|0.0575
3,12,6,3,12,3,96,2,12,24,48,24,6,6,3,3|0.0589
3,12,6,3,12,3,96,2,12,24,48,24,12,3,3,3|0.0212
2,12,6,3,3,3,96,2,12,24,48,24,24,3,3,3|-0.1559
2,12,6,3,6,96,2,1,12,24,48,24,24,6,3,0|-0.2722
2,12,6,3,6,96,3,3,12,24,48,24,24,6,3,0|-0.3078
2,12,6,3,6,96,6,1,12,24,48,24,24,6,3,0|-0.2526
2,12,1,0,6,96,12,3,12,24,48,1,24,6,3,24|-0.1767
