0,0,0,1,0,2,3,0,1,1,3,0,0,2,2,1|6.0587
0,0,0,1,3,0,2,3,0,1,1,3,0,0,2,3|6.0165
3,0,2,1,0,1,1,6,0,0,2,3,0,0,0,2|6.0346
3,1,3,1,0,0,2,6,0,0,0,3,0,0,3,2|6.0228
3,1,3,1,0,2,6,2,0,0,3,0,0,3,2,0|6.1412
3,1,3,1,2,6,2,0,0,3,0,3,3,2,0,0|6.2598
3,1,3,1,2,6,2,3,3,3,0,0,0,2,0,2|6.3986
3,1,3,1,2,6,2,3,3,3,3,0,0,0,2,2|6.5076
3,1,3,1,2,6,2,3,3,3,3,3,0,0,2,2|6.6068
3,1,3,1,2,6,2,3,3,3,3,6,0,0,2,2|6.5961
3,1,3,1,2,6,2,3,6,3,6,0,0,2,2,1|6.6057
3,1,3,1,2,6,2,3,6,3,6,1,0,2,2,1|6.7654
3,1,3,1,2,6,2,3,6,3,6,1,1,0,2,3|6.7654
3,2,3,1,2,1,2,3,6,6,6,1,1,3,2,3|6.8455
3,2,3,1,3,2,3,1,12,6,1,0,1,3,2,3|6.6259
0,2,2,0,6,2,3,1,12,6,3,1,1,3,3,3|6.4565
2,2,0,0,6,2,3,1,12,6,3,1,1,6,3,3|6.4372
2,1,0,0,6,2,0,1,12,2,3,1,1,12,6,3|6.2682
3,0,0,0,6,2,1,2,12,2,3,1,1,12,6,3|6.2494
3,0,0,0,6,3,2,3,12,2,3,1,1,12,6,3|6.2308
3,3,2,3,6,2,3,1,12,12,6,3,1,0,0,3|6.2724
3,0,3,0,6,3,2,3,12,2,3,1,1,12,6,6|6.2943
3,3,0,1,6,3,2,3,12,2,3,1,1,12,12,0|6.2064
6,0,1,2,6,3,2,3,12,2,3,1,1,24,0,0|5.8186
12,3,3,2,12,2,3,3,1,24,0,1,2,0,0,0|5.5912
24,3,6,2,1,2,0,3,2,24,0,1,2,0,0,0|5.2239
24,3,6,2,3,2,0,3,2,24,0,1,1,0,0,0|5.2169
24,3,6,2,3,2,0,3,3,24,0,1,1,0,0,0|5.2001
24,3,6,2,6,2,0,3,1,24,0,1,3,0,0,0|5.1935
24,3,6,2,6,2,3,0,1,24,1,2,3,0,0,0|5.3672
24,3,6,2,3,6,2,3,0,1,24,3,0,3,0,0|5.3511
24,3,6,2,3,6,2,3,1,24,3,0,3,0,0,2|5.4552
24,3,6,2,3,6,2,3,1,24,3,0,3,0,2,1|5.5896
24,3,6,2,3,6,2,3,1,24,3,1,3,0,2,1|5.7443
24,3,6,2,3,6,2,3,1,24,3,1,3,2,1,2|5.9092
24,3,6,2,3,6,2,3,1,24,3,3,3,2,1,2|5.8943
24,3,6,2,3,6,2,3,1,24,6,1,3,3,2,0|5.7797
24,3,6,2,3,6,2,3,1,24,6,1,6,2,0,1|5.7954
24,3,3,2,3,6,6,3,1,24,2,1,6,2,6,1|5.9013
24,6,2,3,3,12,3,0,1,24,3,0,6,2,6,1|5.4974
24,6,2,3,3,12,6,0,1,24,6,1,6,2,0,1|5.4639
24,6,2,3,3,12,12,1,1,24,0,1,6,2,0,3|5.3806
24,6,2,3,3,24,1,0,1,24,1,1,6,2,3,0|5.1776
24,6,3,3,3,48,1,1,1,2,3,0,6,0,0,3|4.1648
24,6,6,2,3,48,1,1,3,3,0,0,6,0,3,0|3.9923
24,6,6,3,6,48,1,0,6,3,3,0,0,0,3,0|3.8001
24,6,6,3,12,48,1,0,0,3,6,0,3,0,0,0|3.5682
24,12,3,2,12,48,1,0,3,6,0,0,3,0,0,0|3.4866
24,12,3,2,12,48,1,0,6,6,0,0,2,0,0,0|3.4852
24,12,3,2,12,48,1,0,12,0,0,2,2,0,0,0|3.3942
24,12,3,2,24,48,1,2,2,0,0,0,0,0,0,1|3.1534
48,12,3,2,2,48,1,2,0,0,0,1,0,0,0,1|2.4429
48,12,3,2,2,48,3,0,0,0,1,2,0,0,1,0|2.4228
48,12,6,2,2,48,1,2,0,0,1,0,0,0,0,1|2.4529
48,12,6,2,0,2,48,3,3,0,0,1,0,0,0,1|2.3933
48,12,6,2,3,2,48,3,0,0,0,1,3,0,0,1|2.5441
48,12,6,2,3,2,48,3,0,0,1,0,3,0,1,1|2.7251
48,12,6,2,3,2,48,3,3,0,1,1,3,0,1,0|2.8365
48,12,6,2,3,2,48,3,3,1,1,2,3,1,0,0|2.9882
48,12,6,2,6,3,48,3,3,1,1,2,2,0,0,0|2.8402
48,12,6,2,6,3,48,3,3,1,3,1,2,0,0,0|2.8425
48,1,0,0,6,12,6,2,3,3,48,3,2,1,3,1|3.0251
48,1,6,2,6,12,48,3,3,3,3,1,2,1,0,3|3.1181
48,1,6,2,6,12,48,3,6,3,1,0,3,0,3,6|2.9014
48,1,6,2,12,12,48,3,3,3,1,6,2,0,3,0|2.8551
48,1,6,2,24,48,3,0,6,1,6,2,2,3,0,0|2.4891
48,1,0,6,24,48,6,2,6,1,3,0,2,3,6,2|2.5234
48,1,6,3,24,48,6,2,6,1,3,0,2,3,6,2|2.6481
48,1,12,3,24,48,3,2,6,1,6,2,2,3,3,0|2.6131
48,1,12,1,24,48,3,3,6,1,6,2,2,3,3,2|2.7685
48,1,12,1,24,48,6,0,6,1,6,2,2,6,2,2|2.6443
48,1,12,1,24,48,12,2,6,1,2,2,2,6,1,0|2.5704
48,1,24,3,24,48,2,2,6,1,1,0,2,6,2,0|2.2368
48,1,24,3,24,48,3,2,6,1,2,0,2,6,1,0|2.2237
48,1,24,3,24,48,3,2,6,1,3,0,2,6,1,0|2.2409
48,1,24,3,24,48,6,2,6,1,1,0,2,6,2,0|2.2485
48,1,24,3,24,48,6,2,3,6,1,1,0,2,6,2|2.3564
48,1,24,3,24,48,6,3,3,6,1,2,0,2,6,3|2.3148
48,1,24,3,24,48,6,3,3,3,6,3,0,2,6,3|2.2235
48,1,24,6,24,48,12,3,3,3,6,3,0,2,1,0|2.0326
48,1,24,6,24,48,12,3,6,6,3,0,2,1,0,2|2.0322
48,1,24,6,24,48,12,3,12,3,0,0,3,0,2,1|1.8221
48,1,24,6,24,48,12,3,12,3,0,0,3,2,1,1|1.9924
48,1,24,6,24,48,12,3,12,3,0,0,3,3,1,3|1.9631
48,1,24,6,24,48,12,3,12,3,0,0,6,1,3,1|1.9943
48,1,24,6,24,48,12,3,12,3,3,1,6,1,3,0|2.1358
48,1,24,6,24,48,12,3,12,6,1,2,6,1,3,0|2.1678
48,1,24,6,24,48,12,3,12,6,3,2,6,1,3,0|2.1602
48,1,3,0,24,48,24,6,12,6,12,3,6,1,6,2|2.1430
2,48,1,3,24,48,24,6,12,6,12,3,6,1,6,2|2.3363
2,0,2,0,0,1,1,3,0,3,0,0,0,2,2,3|6.6832
2,1,3,3,0,3,0,0,0,2,2,3,0,3,0,0|6.6476
2,1,3,3,0,3,2,3,0,2,0,0,0,3,0,1|6.7822
2,1,3,6,0,3,2,0,0,2,0,1,0,3,0,1|6.7871
3,3,6,0,3,2,0,0,2,0,1,0,3,0,1,3|6.7422
6,3,6,0,2,2,1,0,3,0,1,3,0,0,0,2|6.7876
6,3,6,0,2,3,0,0,3,1,3,3,0,0,2,0|6.7332
6,6,6,0,2,1,3,3,3,0,2,0,0,2,0,0|6.7091
12,6,0,0,3,3,3,2,3,2,0,0,2,0,0,0|6.5153
12,6,3,2,6,3,0,0,2,2,0,0,0,0,1,0|6.5317
12,6,3,2,6,3,0,0,2,2,0,0,0,1,0,3|6.6284
12,6,3,2,6,3,0,0,2,2,0,0,1,0,3,1|6.7653
12,6,3,2,6,3,0,0,3,2,3,1,0,0,0,3|6.7426
12,6,3,2,6,3,3,1,3,2,0,3,0,0,2,0|6.8601
12,6,3,2,6,6,1,0,3,2,3,1,0,2,0,0|6.8978
12,12,3,2,6,2,1,1,3,2,3,0,0,1,0,0|6.8459
12,12,3,3,6,2,1,0,3,3,3,0,0,0,0,3|6.6442
24,3,3,0,6,3,0,2,6,3,0,0,0,0,3,0|6.0929
24,6,3,2,12,3,0,0,0,0,3,0,0,0,2,0|5.9218
24,6,3,2,12,3,0,0,0,3,0,0,0,2,0,1|6.0510
24,6,3,2,12,6,0,0,0,2,0,1,0,2,0,0|6.0505
24,6,3,2,12,6,0,0,2,0,1,0,2,0,0,1|6.1903
24,12,3,2,12,0,1,0,2,0,0,1,2,0,3,0|6.1004
24,12,3,2,12,0,1,1,2,0,3,0,2,0,0,1|6.2508
24,12,3,2,12,1,1,0,2,3,0,2,2,0,1,0|6.4515
24,12,3,2,1,12,1,1,0,2,3,2,0,2,0,1|6.6226
24,24,3,3,1,2,1,2,0,2,3,1,0,3,0,0|6.1739
48,3,3,3,3,1,2,0,2,3,1,0,3,0,0,0|5.2156
48,6,3,3,3,3,0,0,2,3,1,0,3,0,0,0|5.0275
48,6,3,3,3,6,1,0,2,0,0,0,3,0,1,0|5.0398
48,6,6,0,3,6,1,0,2,0,0,0,3,1,0,2|5.0524
48,12,6,0,3,0,1,0,2,1,0,2,3,0,0,3|4.9354
48,12,6,0,3,1,0,0,3,0,2,0,3,0,3,1|4.9487
48,12,6,0,3,1,0,0,3,2,0,1,3,3,1,0|5.0923
48,12,6,0,6,3,0,1,3,3,1,0,0,0,0,1|4.9363
48,12,6,1,6,6,1,0,3,0,0,1,0,3,0,0|4.9406
48,12,6,1,12,1,0,0,3,0,1,0,3,0,0,6|4.8052
48,12,6,1,12,1,0,0,3,1,0,2,3,0,6,0|4.9602
48,12,6,1,12,1,0,0,3,1,2,0,3,6,0,2|5.1256
48,12,6,1,12,1,2,0,6,1,0,2,2,6,0,0|5.1813
48,12,6,1,12,3,0,3,6,1,2,0,2,6,0,0|5.1274
48,12,6,1,12,3,3,0,6,3,0,1,2,6,0,0|5.1038
48,12,6,1,12,6,0,3,6,3,1,0,2,6,0,0|5.0806
48,12,6,1,12,6,3,1,6,3,1,0,2,6,0,0|5.2578
48,12,2,0,12,6,6,1,6,3,3,1,2,6,1,0|5.4354
48,12,2,0,12,12,1,0,6,6,1,6,2,6,1,0|5.1333
48,24,3,0,12,6,1,6,6,6,1,0,2,0,0,3|4.7016
48,24,3,6,12,12,1,0,6,0,1,3,2,0,0,1|4.6303
48,24,3,6,24,1,0,0,6,1,3,3,2,0,1,0|4.4194
48,24,3,6,24,1,3,3,6,1,1,0,2,0,0,2|4.5789
48,24,6,6,24,1,1,3,6,1,0,2,2,0,0,3|4.5688
48,24,12,0,24,1,1,3,6,1,2,0,2,0,3,2|4.5091
48,24,12,3,24,1,3,0,6,1,3,2,2,0,0,1|4.5198
48,24,12,3,24,1,6,2,6,1,0,1,2,0,0,2|4.5409
48,24,12,3,24,1,6,3,6,1,0,2,2,0,0,2|4.5524
48,24,12,6,24,1,6,2,6,1,0,2,2,0,0,1|4.5743
48,24,12,6,24,1,6,2,6,1,0,3,2,0,0,2|4.5967
48,24,12,6,24,1,6,2,6,1,3,0,2,0,2,1|4.7495
48,24,12,6,24,1,6,2,6,1,3,1,2,0,2,1|4.9127
48,24,12,6,24,1,6,3,6,1,3,1,2,0,2,1|4.9164
48,24,12,6,24,1,6,3,6,1,3,1,2,2,1,3|5.0505
48,24,12,6,24,1,6,3,6,3,3,1,2,3,1,3|5.0250
48,24,12,6,24,1,6,3,6,6,1,2,2,3,1,3|5.0700
48,24,12,6,24,1,6,3,12,1,2,2,2,3,1,3|5.0255
48,24,12,6,24,1,6,3,12,3,2,3,2,3,1,3|4.9814
48,24,12,6,24,1,6,6,12,6,3,3,2,3,0,0|4.6678
48,24,12,6,24,1,12,0,12,6,6,2,2,3,0,0|4.4946
48,24,12,6,24,1,12,0,12,12,2,2,2,3,0,0|4.5020
48,24,12,6,24,1,12,0,24,2,2,1,2,3,0,0|4.2498
48,24,12,6,24,1,12,0,24,2,3,2,2,3,0,0|4.2680
48,24,24,6,48,3,3,2,2,3,0,0,0,6,0,0|2.8568
96,24,24,6,2,6,3,2,0,6,0,0,0,3,0,0|0.3061
96,24,24,6,2,12,3,2,0,3,0,0,0,1,0,0|0.2958
96,48,6,0,2,12,3,2,3,0,0,0,1,0,0,1|-0.5039
96,48,6,2,2,12,3,0,3,0,0,1,1,0,0,3|-0.3631
96,48,6,2,2,12,3,0,3,0,1,0,1,0,3,1|-0.1919
96,48,6,2,2,12,3,0,3,0,1,1,1,0,3,3|-0.0601
96,48,6,2,0,2,12,3,0,3,1,1,3,1,0,6|-0.0377
96,48,6,2,0,2,12,3,3,3,1,1,2,1,0,6|0.1151
96,48,6,2,2,12,3,3,6,1,1,0,3,0,6,0|0.0185
96,48,6,2,2,12,6,2,6,1,1,0,3,6,0,0|0.0624
96,48,12,2,2,12,1,2,6,1,0,0,3,6,2,0|0.0469
96,48,12,2,0,2,12,3,0,6,1,0,1,3,6,2|0.0119
96,48,24,2,0,2,1,3,1,6,6,2,0,3,0,1|-0.2425
96,48,24,2,2,1,3,3,1,12,2,0,3,0,1,0|-0.2464
96,48,24,2,3,3,3,0,1,12,2,0,3,1,0,2|-0.2197
96,48,24,2,6,3,0,3,1,12,2,0,3,1,2,0|-0.2324
96,48,24,2,6,3,3,1,1,12,2,0,3,3,0,0|-0.1945
96,48,24,2,6,6,1,3,1,12,2,0,6,0,0,0|-0.3361
96,48,24,2,6,6,3,3,1,12,0,0,6,0,1,0|-0.3671
96,48,24,2,6,6,3,3,1,12,1,0,6,0,2,0|-0.1675
96,48,24,2,12,3,3,0,1,12,1,0,6,2,0,3|-0.1572
96,48,24,2,12,3,3,0,1,12,1,3,6,2,0,1|0.0236
96,48,24,2,12,3,3,3,1,12,1,1,6,2,0,2|0.1951
96,48,24,2,6,12,3,6,1,12,1,1,0,6,2,2|0.1071
96,48,24,2,6,24,3,6,1,6,3,3,0,0,0,1|-0.4202
96,48,24,2,6,24,6,6,1,6,0,3,0,0,2,1|-0.4268
96,48,24,2,6,24,6,6,1,6,2,3,0,0,2,1|-0.2029
96,48,24,2,6,24,12,2,1,6,2,3,0,2,1,0|-0.2183
96,48,24,2,6,24,12,2,1,6,3,3,0,2,1,0|-0.2030
96,48,24,2,6,24,12,2,1,6,6,3,2,1,0,0|-0.2171
96,48,24,2,6,24,12,2,3,6,6,3,3,1,0,0|-0.2205
96,48,24,2,6,24,12,2,6,6,6,3,3,1,0,0|-0.2232
96,48,24,2,12,24,12,2,3,6,6,3,1,1,0,0|-0.2352
96,48,24,2,12,24,12,2,3,12,3,2,1,1,0,0|-0.2166
96,48,24,2,12,24,12,2,3,12,3,2,3,1,1,0|-0.0673
96,48,24,2,12,24,12,2,6,12,3,2,1,1,1,0|-0.0273
96,48,24,12,12,24,12,2,6,12,3,2,1,1,1,2|-0.1265
96,48,24,12,12,24,12,2,6,12,3,2,1,1,3,2|-0.0851
96,48,24,12,12,24,12,2,6,12,6,2,1,1,1,2|-0.0429
0,0,0,1,0,3,2,3,3,0,0,2,2,2,1,0|10.4499
0,0,0,1,0,3,2,3,3,3,0,2,0,2,2,1|10.5823
1,0,0,0,0,0,0,1,0,6,2,3,3,2,2,3|10.5254
1,0,0,1,0,6,2,3,3,2,2,3,1,0,0,0|10.6991
0,1,0,1,0,6,2,3,3,2,2,3,3,1,0,0|10.8534
0,1,2,1,3,6,2,6,3,3,0,0,0,0,3,0|10.7084
3,1,2,1,3,6,2,6,0,3,3,0,2,0,0,0|10.8940
6,1,2,1,0,6,2,6,2,3,3,0,3,0,0,0|10.9203
6,3,1,0,6,2,6,2,2,6,0,0,3,0,0,0|10.8573
12,3,1,2,2,2,6,0,3,6,0,0,0,0,0,3|10.7850
0,12,3,3,0,2,2,6,1,3,6,0,0,0,0,3|10.8133
0,0,12,6,0,2,2,6,1,1,3,6,0,0,0,3|10.8223
0,2,12,12,1,1,2,6,0,0,3,3,0,0,0,1|10.8120
1,3,12,12,0,0,2,6,0,0,3,3,0,2,0,1|10.8425
1,3,12,12,0,0,2,6,0,2,3,3,0,2,0,1|11.0336
1,3,12,12,0,2,2,6,0,2,3,3,0,1,0,1|11.2255
3,1,3,24,0,2,2,6,0,0,2,6,0,0,1,1|10.8780
3,3,3,24,0,0,2,12,0,0,3,1,0,0,2,0|10.5713
6,3,24,0,0,2,12,2,0,3,1,0,0,2,0,0|10.6554
6,3,24,2,0,2,12,0,0,3,1,0,0,2,0,2|10.8402
6,3,24,2,0,2,12,0,0,3,1,2,0,2,0,3|10.9958
6,3,24,2,0,2,12,2,0,3,1,3,0,2,0,1|11.2321
6,3,24,2,2,12,2,0,3,1,3,2,2,0,1,0|11.4692
6,3,24,2,0,2,12,2,3,1,3,2,3,2,0,1|11.5370
6,3,24,2,3,3,12,2,3,2,3,3,1,0,0,0|11.4457
6,6,24,2,6,2,12,2,1,0,3,3,0,1,0,0|11.3652
0,12,24,2,6,2,12,2,0,1,0,6,3,0,1,0|11.1654
6,12,24,2,0,3,12,2,3,0,1,6,0,0,1,0|11.2465
6,12,24,2,3,3,12,2,0,0,1,6,1,0,1,0|11.4384
6,12,24,2,6,12,2,0,0,1,6,0,1,1,0,2|11.4811
6,12,24,2,6,12,2,0,1,6,0,2,1,1,2,0|11.6646
6,12,24,2,6,12,2,0,1,6,2,1,1,3,0,0|11.7390
12,24,24,2,1,6,2,1,1,3,2,0,0,1,0,0|11.3542
12,48,2,2,1,6,3,0,1,3,2,0,1,0,0,0|10.5003
12,48,2,2,0,1,6,3,0,1,3,2,2,1,0,0|10.6973
12,48,2,2,0,1,6,3,0,1,3,2,3,2,1,0|10.8652
12,48,2,2,0,1,6,3,3,3,3,2,0,3,1,0|10.8839
12,48,2,2,1,6,3,0,6,3,2,3,3,1,0,0|10.9435
12,48,2,2,0,1,6,3,6,3,2,3,3,3,1,0|11.0941
12,48,2,2,6,1,6,6,3,6,3,0,0,1,0,0|10.9255
12,48,2,2,0,6,1,12,0,3,6,3,3,0,1,0|10.8779
12,48,2,2,6,1,12,0,3,6,3,0,3,1,0,2|11.1112
12,48,2,2,6,6,1,12,0,3,6,3,0,3,1,2|11.2055
12,48,3,2,6,6,6,12,0,6,1,3,0,0,3,2|11.0607
12,48,3,2,12,6,12,0,6,1,3,0,0,3,2,1|11.0569
24,48,3,2,6,6,12,0,0,1,3,1,0,3,2,1|10.8740
24,48,3,2,12,12,0,3,1,3,1,0,3,2,1,0|10.8221
24,48,3,2,12,12,1,3,1,3,1,0,3,2,3,0|11.0612
24,48,3,2,24,1,3,2,1,3,1,0,3,2,3,0|10.9214
48,48,6,2,1,1,1,2,3,3,3,0,0,2,2,0|10.0325
96,6,2,0,1,1,3,1,6,3,0,0,2,2,0,0|7.4446
96,6,2,1,1,1,3,0,6,3,0,0,2,2,0,2|7.6378
96,6,2,1,1,1,3,0,6,3,0,2,2,2,0,1|7.8420
96,6,2,1,1,1,3,2,6,3,0,1,2,2,0,2|8.0573
96,6,2,3,1,1,3,1,6,3,0,2,2,2,0,3|8.1336
96,6,1,0,1,1,2,3,6,3,3,3,2,2,0,3|8.1710
96,6,3,3,1,1,3,3,6,3,0,3,2,2,1,0|8.2295
96,6,6,6,1,1,0,3,6,3,1,0,2,2,1,0|8.1891
96,12,6,0,1,1,3,3,6,3,1,0,2,3,0,0|8.0598
96,12,6,0,1,1,6,3,6,3,1,0,2,3,0,0|8.1316
96,12,12,3,1,1,1,0,6,6,0,0,2,2,0,0|8.0346
0,96,24,3,3,1,1,1,0,6,6,0,0,2,2,0|7.8487
96,24,3,0,3,1,1,1,6,6,0,0,2,2,0,1|8.0439
96,24,3,0,3,1,1,1,12,0,0,2,2,2,1,0|8.0503
96,24,3,1,3,1,1,2,12,2,1,0,2,0,12,0|8.0579
96,24,3,3,3,3,1,0,12,0,1,0,2,0,12,6|7.8767
96,24,6,0,6,1,0,2,12,1,0,0,2,12,6,0|7.8766
96,24,6,2,6,1,0,0,12,1,6,0,2,12,3,0|8.1278
96,24,6,2,6,1,6,0,12,1,3,0,2,12,2,0|8.3802
96,24,12,2,6,1,3,0,12,1,2,0,2,12,3,0|8.3738
96,24,12,2,6,1,3,0,12,3,0,1,2,12,3,0|8.4287
96,24,12,2,6,1,3,1,12,3,3,0,2,12,1,0|8.6849
96,24,12,3,6,1,6,0,12,3,1,0,2,12,1,0|8.6623
96,24,12,3,0,6,1,6,0,12,3,1,3,2,12,1|8.8410
96,24,12,3,6,1,6,0,12,3,1,2,3,2,12,1|9.1010
96,24,12,3,2,6,1,6,0,12,3,3,3,2,12,1|9.2324
96,24,12,3,2,6,1,6,12,3,3,1,3,2,12,1|9.5150
96,24,12,3,2,6,1,6,12,6,1,3,3,2,12,1|9.5990
96,24,12,3,2,12,1,6,12,2,1,3,3,2,12,1|9.6743
96,24,12,3,2,12,1,6,1,12,3,3,3,2,12,1|9.7310
96,24,12,3,3,24,1,6,3,2,3,3,2,0,12,1|9.3991
96,24,12,3,3,24,1,6,3,3,2,6,0,2,12,1|9.5086
96,48,12,3,6,3,3,12,0,2,12,1,0,0,1,0|8.3295
96,48,12,3,6,6,12,1,2,12,1,0,0,1,0,0|8.4118
96,48,12,3,0,12,12,1,3,2,12,1,0,0,1,0|8.3656
96,48,24,3,3,12,12,1,0,2,1,1,0,0,3,0|8.2408
96,48,24,3,1,3,24,1,0,0,3,1,0,0,0,3|8.0075
96,48,48,3,1,3,3,1,0,0,0,1,0,0,2,3|7.2956
96,96,3,0,1,6,1,2,0,0,1,0,0,2,3,0|4.8653
96,96,3,2,1,6,1,0,0,2,1,0,0,3,3,0|5.1164
192,3,2,0,1,6,1,0,2,1,0,2,3,3,0,0|-2.0509
0,3,2,0,192,6,2,0,3,1,1,0,3,3,0,2|-1.9466
192,3,2,0,3,6,3,0,3,1,0,2,0,3,3,0|-1.8508
192,3,2,0,3,6,3,0,3,1,2,3,3,3,0,0|-1.6035
1,3,0,0,192,6,2,0,3,1,3,0,6,3,2,3|-1.3745
1,3,2,0,192,6,3,0,3,1,2,3,6,3,0,1|-1.1240
1,3,2,0,192,6,3,3,3,1,2,1,6,3,0,2|-0.8718
1,3,1,0,192,6,2,0,3,1,3,3,6,3,2,3|-0.7079
1,3,0,3,192,6,3,0,3,1,3,0,6,3,2,6|-0.7525
1,3,0,1,192,6,0,3,3,1,6,0,6,3,2,6|-0.5953
1,3,0,1,192,6,6,3,3,1,2,6,6,3,0,3|-0.3565
1,3,2,1,192,6,0,3,3,1,6,6,6,3,2,3|-0.0660
1,3,2,1,192,6,6,3,3,1,2,6,6,3,2,3|0.2463
0,1,3,3,0,192,12,3,24,3,3,6,6,3,2,3|-0.7797
0,1,3,6,24,192,12,6,6,6,3,3,2,0,2,0|-0.7939
0,1,3,6,24,192,12,6,0,6,6,6,3,2,0,2|-0.7064
0,1,3,6,24,192,12,6,0,0,6,12,1,3,2,2|-0.6171
1,3,6,3,24,192,12,6,0,6,12,0,1,3,2,2|-0.3059
1,3,6,3,24,192,12,6,1,0,6,12,1,3,2,2|0.0070
1,3,6,3,24,192,12,6,1,6,12,2,1,3,2,2|0.3919
1,3,1,3,24,192,6,6,1,6,24,2,1,3,2,2|0.3686
1,3,1,3,2,24,192,12,1,6,24,2,1,3,2,2|0.4371
3,3,1,3,1,24,192,12,1,6,24,2,1,3,2,2|0.6076
0,1,3,2,3,2,2,3,0,0,0,0,0,1,0,2|5.9459
1,3,2,1,3,2,2,3,0,0,0,0,1,0,2,0|6.0827
3,1,3,3,3,2,2,3,0,0,0,0,0,1,0,2|6.0097
6,3,3,6,0,0,2,0,0,1,0,2,0,1,0,0|5.7169
6,6,6,1,0,2,0,0,1,0,2,0,1,0,0,0|5.7142
12,6,1,2,2,0,0,0,1,2,0,0,1,0,0,0|5.6617
12,6,3,1,2,0,0,0,3,0,0,0,1,0,0,0|5.5294
12,6,3,1,3,2,0,0,0,3,0,0,0,1,0,0|5.6373
12,6,3,1,3,2,0,0,3,0,0,2,1,0,0,0|5.7453
12,6,3,1,3,2,0,0,3,0,2,2,1,0,0,0|5.8736
12,6,3,1,6,2,2,2,1,0,0,0,0,0,0,1|5.8920
12,6,3,3,6,2,2,0,1,0,0,1,0,0,0,2|5.8606
12,6,6,0,6,2,2,0,1,0,1,3,0,0,2,0|5.8294
12,6,6,0,6,2,3,3,1,0,2,0,0,0,3,0|5.7884
12,12,0,0,6,2,6,1,1,2,0,0,0,3,0,0|5.6075
12,12,6,1,6,2,0,0,1,2,0,0,0,3,0,3|5.6869
24,6,1,0,6,2,0,0,3,0,0,0,3,0,3,2|5.2965
24,6,1,0,6,2,0,0,6,0,3,2,0,0,2,0|5.2862
24,6,1,0,12,2,3,2,0,0,2,0,2,0,0,0|5.2362
24,6,1,2,12,2,3,0,2,0,2,0,3,0,0,0|5.3564
24,6,3,0,12,2,3,0,2,2,0,1,3,0,0,0|5.3367
24,6,6,0,12,2,0,1,2,2,0,0,3,0,1,0|5.3073
24,12,0,2,12,2,1,0,2,2,0,0,3,1,0,0|5.2481
24,12,2,3,12,3,0,0,2,2,0,0,3,1,0,0|5.2291
24,12,2,3,12,3,0,0,2,3,0,0,3,1,0,0|5.2203
24,12,2,3,12,6,0,0,2,1,0,0,3,1,0,0|5.2017
24,12,2,3,12,6,0,0,3,0,0,3,3,1,0,0|5.1133
24,12,2,3,12,6,0,3,6,1,0,0,0,0,0,3|5.0952
24,12,2,6,12,6,0,0,6,1,0,3,0,0,0,3|5.0673
24,12,2,6,12,6,0,3,6,1,0,3,0,0,0,1|5.2096
24,12,2,6,12,6,0,6,6,1,0,1,0,0,0,1|5.2121
24,12,2,12,12,6,0,1,6,1,0,1,0,0,0,2|5.1648
24,12,2,12,12,6,1,0,6,1,1,0,0,0,2,3|5.2678
24,12,2,12,12,6,1,0,6,1,1,0,0,2,3,2|5.4110
24,12,3,12,12,6,1,0,6,3,3,2,0,3,0,0|5.1845
24,12,3,12,12,6,1,0,6,6,2,0,3,0,0,1|5.1681
24,12,3,12,12,6,1,0,12,2,0,0,3,0,1,1|5.1421
24,12,3,12,12,6,1,0,12,2,0,0,3,1,1,3|5.2562
24,12,3,12,24,6,1,0,3,3,1,3,2,0,0,0|4.8606
48,12,3,12,3,6,1,3,2,3,1,0,0,0,0,2|4.1153
48,12,3,12,3,6,1,3,2,3,1,0,0,0,2,2|4.2502
48,12,3,12,3,6,1,3,2,3,3,2,0,0,3,0|4.2153
48,12,3,12,3,6,1,3,2,6,2,3,0,3,0,0|4.1907
48,12,3,12,3,6,1,3,2,6,2,3,3,0,0,3|4.2864
48,12,3,12,3,12,3,6,2,0,0,3,3,0,1,0|3.9023
48,24,6,12,3,0,0,6,2,0,1,3,3,0,2,0|3.4685
48,24,6,12,3,0,1,6,2,0,2,3,3,0,2,0|3.6450
48,24,6,12,3,0,3,6,2,0,2,3,3,0,1,0|3.6217
48,24,6,12,3,0,3,6,2,0,3,3,3,0,1,0|3.6087
48,24,6,12,3,0,6,6,2,0,1,3,3,0,3,0|3.5859
48,24,12,12,3,0,1,6,2,0,3,3,3,0,2,0|3.5335
48,24,24,1,3,1,6,0,2,3,3,0,3,2,0,0|3.3713
0,48,48,1,0,3,1,6,2,2,3,3,0,3,2,0|2.6094
48,48,1,2,3,1,6,0,2,2,6,0,3,2,0,0|2.5977
96,1,2,1,3,1,6,0,2,2,6,0,3,2,0,0|0.1764
96,1,2,1,3,3,12,0,2,2,0,0,3,0,1,0|-0.0446
96,3,1,0,6,12,0,3,2,2,0,0,3,1,0,0|-0.2054
96,3,1,3,6,12,0,0,2,3,0,0,3,0,0,2|-0.2158
96,3,1,3,6,12,0,0,2,3,0,2,3,0,0,3|-0.1060
96,3,1,3,6,12,0,2,2,3,0,3,3,0,0,6|-0.0459
96,3,1,3,6,12,2,0,2,3,3,1,3,0,6,0|0.1146
96,3,1,3,6,12,2,0,2,6,1,0,3,6,0,3|0.0853
96,3,3,3,6,12,1,0,2,12,0,3,3,0,0,2|-0.1336
96,3,3,3,6,24,1,3,2,0,0,2,3,0,0,1|-0.3622
96,6,3,0,6,24,1,3,2,0,2,0,3,0,1,3|-0.4005
96,6,3,3,6,24,3,0,2,0,1,3,3,0,0,1|-0.4085
96,6,6,0,6,24,3,0,2,1,3,3,3,0,1,0|-0.4062
96,12,0,0,6,24,3,0,3,3,3,2,3,1,0,0|-0.6435
96,12,3,0,6,24,3,2,6,3,0,0,0,1,0,2|-0.6305
96,12,6,2,12,24,0,0,0,3,0,2,0,1,2,0|-0.8772
96,12,6,2,12,24,0,0,3,0,2,2,1,2,0,0|-0.7435
96,12,6,2,12,24,2,2,3,2,0,0,1,0,0,1|-0.4895
96,12,6,2,12,24,2,2,3,2,0,0,1,0,1,1|-0.3452
96,12,6,2,12,24,2,2,3,2,0,0,1,1,1,3|-0.2205
96,12,6,2,12,24,2,2,3,3,1,3,1,0,3,0|-0.2554
96,12,6,2,12,24,2,2,6,1,3,0,1,3,0,3|-0.2500
96,12,6,2,12,24,2,2,6,1,3,0,1,3,3,1|-0.1043
96,12,6,2,12,24,2,2,6,1,6,1,1,3,0,3|-0.0882
96,12,6,2,12,24,2,2,6,1,6,1,1,3,3,1|0.0683
96,12,6,2,12,24,2,3,6,1,6,1,1,3,3,6|0.0052
96,12,6,2,12,24,2,3,6,1,6,1,1,6,6,1|0.0224
2,1,1,0,3,0,3,0,3,3,0,1,2,0,0,0|5.2870
3,1,0,0,3,3,0,0,6,0,1,2,2,0,0,0|5.1478
6,1,0,0,6,3,1,2,2,0,0,0,2,0,0,0|5.1587
6,1,0,0,6,3,3,1,2,0,0,0,2,0,0,0|5.1397
6,1,0,0,6,6,1,1,2,0,0,0,2,0,0,0|5.1408
6,1,0,0,12,1,1,2,2,0,0,0,2,0,0,0|5.0820
6,1,0,0,12,1,3,2,2,0,0,0,2,0,0,0|5.0733
6,1,3,2,12,1,0,0,2,0,0,0,2,0,2,0|5.1848
6,1,3,2,12,1,0,0,2,0,0,0,2,2,0,1|5.3064
6,1,3,2,12,1,0,0,2,2,0,1,2,1,0,0|5.4180
6,1,3,2,12,3,0,1,2,1,0,0,2,0,0,1|5.3898
6,1,3,2,12,3,1,3,3,0,0,0,2,0,1,0|5.3618
6,3,0,0,12,1,3,2,3,3,1,3,2,0,1,0|5.4638
6,3,0,0,12,1,3,2,6,1,3,0,2,1,0,2|5.4360
6,3,0,0,12,1,3,2,6,1,3,0,3,0,2,3|5.3882
6,3,3,2,12,1,3,0,6,1,2,3,3,0,3,0|5.4706
6,3,6,2,12,1,2,3,6,1,3,0,3,0,1,0|5.5032
6,3,6,2,12,3,3,2,6,1,3,0,3,1,0,0|5.4558
6,6,6,2,12,1,6,2,6,1,0,0,3,0,3,0|5.2786
12,6,2,0,12,1,6,2,6,1,0,0,3,3,0,3|5.1915
12,6,2,0,12,1,6,2,6,1,0,0,6,0,3,1|5.1646
24,6,2,2,6,1,6,0,6,1,3,1,0,0,3,0|4.8978
24,6,2,2,12,1,6,1,0,1,6,0,2,0,0,0|4.6811
24,6,2,3,12,1,12,0,2,1,0,0,0,0,0,2|4.4845
24,6,2,3,12,1,12,0,3,0,0,1,0,0,2,0|4.4481
0,1,0,0,24,6,2,3,12,1,12,0,3,0,2,1|4.6118
0,2,0,0,24,1,2,0,12,6,12,3,3,1,2,1|4.7157
2,0,0,3,24,3,0,0,12,6,12,3,3,3,1,0|4.5097
2,3,0,3,24,6,12,3,12,3,1,0,3,0,0,2|4.6338
2,3,3,0,24,6,12,3,12,3,1,0,3,0,2,2|4.7781
2,3,3,3,24,6,12,0,12,3,3,2,3,0,0,2|4.7325
2,6,3,0,24,6,12,0,12,6,2,3,3,0,2,0|4.5771
2,12,3,0,24,6,12,3,12,0,2,0,3,0,2,2|4.5218
2,12,3,3,24,6,12,0,12,0,2,2,3,0,2,1|4.6167
2,12,3,3,24,6,12,2,12,0,2,1,3,0,2,1|4.7717
2,12,6,0,24,6,12,2,12,2,1,0,3,2,1,1|4.7968
2,12,6,0,24,6,12,2,12,3,0,0,3,3,1,3|4.5522
2,0,1,0,24,12,6,0,12,6,12,2,3,6,1,3|4.5576
2,12,1,0,24,6,6,2,12,6,12,3,3,0,1,3|4.6833
2,12,1,2,24,12,6,3,12,0,12,3,3,0,1,3|4.5391
2,0,1,2,24,12,6,2,12,12,12,3,3,0,1,6|4.5050
2,1,2,1,24,12,6,2,24,12,3,0,3,1,6,0|4.2811
3,2,1,1,24,12,6,2,24,12,3,0,3,1,6,0|4.2774
3,3,1,3,24,12,6,2,24,12,3,0,3,1,6,0|4.2338
3,3,1,3,48,24,6,2,3,1,3,0,1,0,6,0|3.0904
6,1,3,2,48,24,6,2,3,1,3,0,1,6,0,0|3.1172
6,1,3,2,48,24,6,2,0,3,1,3,2,1,6,0|3.2042
6,1,3,2,48,24,6,2,3,1,3,0,3,6,0,1|3.2013
0,1,3,0,6,24,3,2,48,1,6,2,6,6,3,1|3.2086
0,1,2,0,6,24,6,0,48,1,6,2,6,6,3,3|3.0360
1,2,0,0,6,24,6,0,48,1,6,2,12,3,3,3|2.9237
1,2,6,0,6,24,6,2,48,1,3,3,12,3,0,3|3.0215
3,6,0,0,6,24,6,2,48,1,6,2,12,3,3,0|2.8695
3,6,6,2,6,24,6,2,48,1,3,0,12,3,0,3|2.9476
3,6,12,2,6,24,3,2,48,1,0,3,12,3,0,6|2.8260
3,6,12,2,6,24,3,2,48,1,3,1,12,3,6,0|2.9645
3,6,12,2,6,24,6,3,48,1,6,0,12,3,1,0|2.8133
3,6,12,2,6,24,12,3,48,1,1,0,12,3,2,0|2.7322
3,6,24,2,6,24,1,3,48,1,2,0,12,3,1,0|2.5213
3,6,24,2,6,24,3,3,48,1,1,0,12,3,3,0|2.4706
3,6,24,2,0,6,24,6,3,48,1,1,0,12,3,3|2.4201
3,12,48,2,3,48,1,6,0,12,3,1,0,0,2,3|1.4598
6,12,48,2,0,48,1,6,0,12,3,1,2,0,2,3|1.3997
1,0,48,2,6,12,1,6,0,48,3,1,2,12,2,3|1.5798
1,48,2,0,6,12,1,6,48,3,1,3,2,12,2,3|1.7301
1,48,3,6,6,12,1,3,48,3,2,3,2,12,0,1|1.6806
1,48,3,6,6,12,3,6,48,3,0,1,2,12,3,0|1.4913
1,48,6,12,6,12,0,1,48,3,3,0,2,12,0,2|1.2423
1,48,6,12,6,12,3,1,48,3,0,2,2,12,0,3|1.3834
1,48,6,12,6,12,3,1,48,3,2,1,2,12,3,0|1.5547
1,48,6,12,6,12,3,1,3,48,3,3,0,2,12,3|1.5063
1,48,6,12,6,12,6,1,3,48,12,6,0,2,0,2|1.3181
1,48,12,12,6,12,12,1,3,48,0,6,0,2,1,2|1.1901
1,48,24,12,6,12,0,1,3,48,1,6,0,2,2,2|1.0023
1,48,24,12,2,6,12,1,3,48,1,6,0,2,2,2|1.2148
3,48,24,12,3,6,12,1,0,48,3,6,3,2,0,2|0.9374
6,48,24,12,0,6,12,1,3,48,3,6,1,2,0,2|0.9503
6,48,24,12,6,12,1,2,3,48,3,6,3,0,2,0|0.8835
6,48,24,12,6,12,3,0,3,48,3,6,3,2,0,6|0.7568
6,48,24,12,2,6,12,3,3,48,3,6,0,3,2,6|0.9904
1,48,24,0,6,6,12,12,2,48,3,3,3,3,2,12|0.9343
0,1,48,24,0,6,6,24,0,2,48,6,1,6,2,12|0.4284
0,1,48,24,1,0,12,24,0,2,48,6,1,6,2,12|0.2927
0,1,48,24,3,1,12,24,0,2,48,6,1,6,2,12|0.4373
3,1,48,48,0,3,12,6,1,6,48,12,2,0,2,0|-0.5779
3,1,48,48,1,3,12,6,2,6,48,12,3,0,2,0|-0.4528
0,0,48,3,3,1,12,48,3,3,48,6,3,6,2,12|-0.4075
0,48,3,3,3,1,12,48,6,48,6,0,3,6,2,12|-0.4019
0,48,3,1,3,1,12,3,6,48,6,48,3,6,2,12|-0.2061
0,0,2,0,0,1,3,3,0,3,2,0,0,2,3,1|9.7951
0,2,0,0,1,3,3,0,3,2,0,1,2,3,1,0|9.9509
0,0,2,0,1,1,3,3,0,3,2,1,0,2,3,1|10.1373
0,2,0,0,1,1,6,0,3,2,1,0,2,3,1,2|10.1642
1,3,6,0,3,2,1,0,2,3,1,2,2,0,0,0|10.2017
3,1,3,6,0,3,2,1,0,2,3,3,0,2,0,0|10.1998
3,1,3,6,3,2,1,0,2,3,3,0,2,0,0,1|10.3285
6,3,3,6,2,3,1,0,2,0,3,1,0,2,0,0|10.2278
0,6,6,6,0,2,3,1,0,2,3,1,1,0,2,0|10.2777
0,6,6,6,0,2,6,1,1,2,2,1,0,0,1,0|10.3182
6,6,6,0,2,6,1,0,3,2,1,0,0,1,0,2|10.3492
6,12,6,0,2,2,1,0,3,1,1,2,0,3,0,0|10.3110
6,12,6,0,2,3,0,1,3,1,3,0,3,0,0,0|10.1733
6,12,6,1,2,3,3,0,6,1,0,0,2,0,0,0|10.2663
6,12,6,1,3,2,3,3,0,6,1,0,0,2,0,0|10.4199
6,12,6,1,3,2,6,3,6,1,0,0,2,0,0,0|10.4141
6,12,12,1,3,3,0,3,6,0,0,0,2,0,1,0|10.1890
6,24,1,0,6,0,3,3,6,0,0,0,2,1,0,0|9.8045
12,24,1,3,6,0,3,0,2,1,0,0,0,2,0,0|9.7907
12,24,1,3,6,3,0,0,3,0,0,0,2,0,0,1|9.8576
12,24,1,3,6,3,0,0,3,0,0,0,2,0,1,3|10.0052
12,24,1,3,6,3,0,0,3,0,0,0,2,1,3,3|10.1434
12,24,1,3,6,3,0,0,3,0,0,0,3,3,3,2|10.1723
12,24,1,3,6,3,0,0,3,0,0,0,6,3,2,2|10.2419
12,24,1,3,6,3,0,0,3,3,2,2,6,0,0,3|10.3823
12,24,1,3,6,3,0,0,6,2,2,1,6,0,3,0|10.4233
12,24,1,3,12,3,2,1,6,2,3,0,0,0,1,0|10.4450
12,24,1,3,12,3,3,2,6,2,3,0,0,1,0,0|10.4775
24,24,1,3,6,3,6,2,0,3,0,0,2,0,0,0|10.0007
24,24,1,3,6,6,6,2,2,0,0,0,3,0,0,0|10.0147
48,1,3,1,12,6,2,0,2,0,0,0,3,0,0,0|9.1094
48,0,0,1,12,1,3,1,2,6,2,0,3,0,0,0|9.2848
48,1,3,1,12,6,2,1,2,0,0,0,3,2,0,0|9.4810
48,1,3,1,12,6,2,1,2,2,0,0,3,1,0,0|9.6880
48,1,3,1,12,6,3,1,2,2,0,0,3,1,0,0|9.7258
48,1,6,1,12,6,0,1,2,3,0,0,3,0,2,0|9.6243
48,0,0,3,12,1,6,1,2,6,0,1,3,3,2,0|9.7736
48,1,6,3,12,6,0,1,2,3,2,1,3,0,3,0|9.9438
48,1,6,3,12,6,1,0,2,3,3,0,3,3,0,2|10.0047
48,1,6,3,12,6,1,0,2,6,3,2,3,3,0,0|10.0565
48,1,6,3,12,12,1,2,2,3,3,0,3,1,0,0|10.0691
48,1,6,3,24,1,2,1,2,6,0,0,3,1,0,0|9.7525
48,1,6,3,24,3,1,3,2,6,0,0,3,1,0,0|9.7668
48,1,6,6,24,3,1,0,2,6,0,0,3,1,0,1|9.8019
48,1,3,0,24,3,6,6,2,6,1,0,3,1,0,1|9.9779
48,1,3,0,24,3,12,0,2,6,1,0,3,1,1,3|10.0047
48,1,3,0,24,3,12,0,2,6,1,3,3,1,1,2|10.2024
48,1,3,0,24,3,12,0,2,6,1,3,3,1,3,2|10.2711
48,1,3,0,24,3,12,3,2,6,1,2,3,1,3,3|10.4406
48,1,3,0,24,3,12,3,2,6,3,2,3,1,6,0|10.3610
48,1,3,3,24,3,12,2,2,6,3,0,3,1,6,1|10.5723
48,1,3,3,24,3,12,2,2,6,3,1,3,1,6,2|10.7745
48,1,3,3,24,3,12,3,2,6,3,2,3,1,6,1|10.8277
48,1,3,2,24,3,12,3,2,6,3,3,3,1,6,3|10.8818
48,1,3,2,24,3,12,2,2,6,3,3,3,1,6,6|10.9669
48,1,3,2,24,3,12,2,0,2,6,6,3,3,1,12|10.7629
2,1,3,2,48,3,12,2,24,2,6,6,3,3,1,12|11.0399
3,3,2,3,48,3,12,2,24,2,12,0,6,1,12,0|10.6879
3,6,2,3,48,2,24,2,24,1,12,0,6,0,2,0|10.4569
3,0,2,6,48,6,24,3,24,2,12,2,6,1,2,0|10.5569
3,6,2,6,48,2,24,3,24,1,12,2,6,1,2,0|10.8378
3,3,2,0,48,6,24,6,24,3,12,3,6,1,2,2|10.7698
6,2,0,0,48,6,24,6,24,3,12,3,6,3,2,1|10.6629
6,2,24,6,48,6,12,3,24,6,2,1,6,0,0,1|10.7369
6,2,24,6,48,12,12,3,24,0,2,1,6,3,0,1|10.6820
6,2,24,6,0,48,24,3,0,24,0,3,3,6,3,1|10.3182
6,2,48,6,0,48,0,6,3,24,3,1,0,6,0,1|9.5155
6,2,48,6,3,0,48,6,3,24,3,1,0,0,6,1|9.7238
6,2,96,12,6,24,3,1,0,0,6,1,0,0,0,6|7.0333
12,2,96,12,0,24,3,1,0,0,6,1,2,0,0,6|7.0438
12,2,96,12,24,3,1,0,0,6,1,0,2,0,6,2|7.2354
12,2,96,12,24,3,1,0,6,1,0,2,2,6,2,0|7.4982
12,2,96,12,3,24,3,1,0,6,1,2,0,2,6,2|7.7821
12,2,96,12,3,24,3,1,6,1,2,2,2,6,2,0|8.0372
12,2,96,12,3,24,3,3,6,1,2,0,2,6,2,1|8.0935
12,2,96,12,1,3,24,6,0,6,1,2,0,2,6,3|7.9909
12,2,96,12,1,3,24,6,1,0,6,3,0,2,6,3|7.9895
12,2,96,12,1,3,24,6,1,2,12,6,0,0,3,0|7.8693
3,0,96,0,12,2,24,12,1,3,12,6,1,2,3,6|8.0003
3,3,0,96,12,2,24,12,1,3,12,6,0,3,3,6|8.0525
3,3,24,96,12,2,12,12,1,6,3,12,0,2,0,0|8.0059
3,3,24,96,12,2,12,24,1,6,3,0,0,2,0,1|7.8406
2,6,24,96,12,2,12,24,0,1,6,3,0,0,2,1|7.9466
2,6,24,96,12,3,12,24,0,0,6,3,0,1,2,1|7.9938
2,6,24,96,12,3,12,24,0,1,6,3,0,2,2,1|8.2624
2,6,24,96,12,3,12,24,0,3,6,3,0,1,2,1|8.3422
2,6,24,96,12,6,12,24,0,1,6,3,0,1,2,1|8.4433
2,12,24,96,12,1,12,24,0,1,6,3,0,2,2,1|8.5458
2,12,24,96,12,1,12,24,0,3,6,3,0,3,2,1|8.6096
2,12,24,96,12,1,12,24,0,3,6,3,3,0,3,3|8.6547
2,12,24,96,12,1,12,24,0,3,6,3,1,3,0,6|8.7712
2,12,24,96,12,1,12,24,0,3,6,3,3,1,3,6|9.0191
2,12,24,96,2,1,12,24,12,3,6,3,3,1,3,6|9.2784
2,12,24,96,3,3,12,24,12,3,6,3,3,1,3,6|9.3191
2,12,24,96,3,6,12,24,12,1,6,3,3,3,3,6|9.4112
2,12,24,96,3,6,12,24,12,1,6,3,3,3,6,6|9.4848
2,12,24,96,3,6,12,24,12,1,12,3,3,3,2,6|9.5998
2,12,24,96,3,6,24,24,12,1,2,3,3,3,1,6|9.4362
2,12,48,96,3,6,2,24,12,1,1,3,3,3,2,6|8.8342
2,12,48,96,3,6,3,24,12,1,2,3,3,3,1,6|8.9236
2,12,48,96,3,6,3,24,12,1,3,3,3,3,2,6|9.0445
2,12,48,96,3,6,6,24,12,1,2,3,3,3,1,6|9.1470
2,12,48,96,3,6,6,24,12,1,3,3,3,3,2,6|9.2710
2,12,48,96,2,3,12,24,0,12,1,6,0,6,2,6|9.0566
2,12,48,96,2,3,12,24,0,12,3,12,0,6,12,0|8.6837
2,12,48,96,2,3,12,24,12,3,12,3,6,12,0,0|8.9425
2,12,48,96,2,6,24,24,12,12,0,3,6,0,2,0|8.6028
2,12,48,96,2,6,24,24,12,12,2,3,6,0,2,0|8.9547
2,12,48,96,3,2,6,48,0,24,2,3,0,6,0,2|7.9683
0,12,1,96,2,2,48,48,3,24,6,3,0,6,2,2|8.3535
3,12,1,96,0,2,48,48,2,24,6,3,3,6,2,2|8.6205
3,12,1,96,2,2,48,48,3,24,6,3,1,6,2,2|8.9190
3,12,1,96,1,2,2,96,3,24,6,3,1,6,2,2|6.6093
3,12,3,192,1,2,6,3,3,24,2,2,1,6,3,0|-0.7086
3,12,3,1,1,2,6,192,3,24,2,3,1,6,3,2|-0.3649
3,12,3,1,3,3,6,192,3,24,2,3,1,6,3,2|-0.2994
3,12,3,1,6,6,192,3,3,24,2,3,1,6,3,2|-0.1521
3,12,3,3,6,6,192,1,3,24,2,6,1,6,3,2|0.0070
3,12,6,1,12,192,1,0,3,24,2,6,1,6,3,2|-0.1122
3,12,0,3,12,192,6,1,3,24,3,6,1,6,3,2|-0.0295
2,3,12,3,12,192,6,1,3,24,3,6,1,6,3,2|0.3251
2,3,24,3,12,192,12,1,3,24,6,6,1,6,6,2|-0.3285
2,3,24,3,12,192,12,1,1,3,24,12,0,1,12,2|-0.3502
0,2,3,0,2,0,3,0,3,0,1,0,1,0,3,1|5.8259
2,2,6,0,3,0,1,0,1,0,3,1,0,0,0,2|5.8419
0,2,2,6,1,3,0,1,0,1,3,1,0,0,0,2|5.9781
1,2,2,6,0,3,3,1,0,1,0,3,0,0,2,0|5.9544
3,2,6,0,3,3,1,2,1,0,3,0,0,2,0,0|5.9309
6,2,6,2,1,3,1,0,0,2,3,0,0,0,0,2|5.9876
6,2,6,2,1,3,1,0,2,3,0,0,0,0,2,3|6.0645
6,2,6,2,3,6,1,0,0,0,2,3,0,1,0,0|5.9215
6,2,6,2,3,6,3,3,0,1,0,0,0,0,2,0|5.9087
6,2,6,2,3,6,6,0,1,0,0,1,0,2,0,0|5.8560
6,2,12,2,3,6,0,1,1,2,0,0,0,0,3,0|5.7935
6,2,12,3,3,6,0,0,1,2,3,0,0,0,0,1|5.7813
6,2,12,3,3,6,0,0,3,3,0,0,0,0,1,3|5.7192
6,2,12,3,6,6,0,0,0,3,1,3,2,0,0,0|5.6972
6,2,12,3,3,6,6,0,0,3,1,3,0,2,0,0|5.8455
6,2,12,3,1,3,6,6,0,3,1,3,0,0,2,0|5.9739
6,2,12,3,1,6,6,6,0,0,3,3,0,3,0,0|5.7825
6,2,12,3,0,1,6,12,2,0,0,6,0,0,3,0|5.5514
6,3,12,3,2,0,6,12,0,0,3,6,0,1,0,0|5.5404
6,3,12,3,2,0,6,12,0,1,3,6,0,3,0,0|5.6496
6,3,12,3,2,1,6,12,0,3,3,6,0,3,0,0|5.7589
6,3,12,3,3,6,12,0,3,3,6,0,3,0,0,1|5.6885
6,3,24,3,6,6,6,0,3,3,0,1,0,0,1,0|5.3083
6,3,24,3,12,6,0,0,6,0,1,3,0,1,0,0|5.0783
6,3,24,3,12,6,1,3,6,1,0,0,0,0,0,2|5.2985
6,3,24,3,12,6,1,3,2,6,1,0,0,0,0,2|5.4489
6,3,24,6,12,12,1,0,2,0,1,2,0,0,0,2|5.2095
6,3,24,6,24,1,0,0,2,1,2,1,0,0,2,0|4.9403
6,3,24,6,0,24,1,0,3,2,1,3,0,0,0,2|4.9613
6,3,24,6,3,24,1,3,0,2,1,2,0,0,0,1|5.1225
6,3,24,6,3,24,1,3,0,2,1,3,0,0,0,1|5.1239
6,3,24,6,3,24,1,3,3,0,3,3,0,0,0,1|5.0356
6,3,24,6,6,24,1,6,0,0,3,1,0,0,0,2|4.8975
12,3,24,12,0,24,1,1,0,0,3,2,2,0,0,0|4.6196
12,3,24,12,24,1,1,3,0,3,2,0,2,0,0,0|4.7019
12,3,24,12,24,1,3,3,2,3,0,0,2,0,0,0|4.7244
12,3,24,12,0,24,1,6,1,2,3,0,0,2,0,0|4.7372
12,3,24,12,0,24,1,6,1,1,2,3,0,0,2,0|4.8702
12,3,24,12,24,1,6,0,1,3,3,0,0,2,0,2|4.8234
12,3,24,12,0,24,1,6,0,1,3,3,3,0,2,2|4.9769
12,3,24,12,0,24,1,6,3,1,3,3,1,0,2,2|5.1206
12,3,24,12,24,1,6,0,3,1,6,0,1,2,2,2|5.0746
12,3,24,12,24,1,12,0,3,3,2,2,1,0,1,0|4.8588
12,3,24,12,24,1,12,0,6,2,2,2,1,1,0,0|4.8732
12,3,24,12,24,3,12,2,6,1,2,0,1,0,0,3|4.8479
12,6,24,12,24,1,12,2,6,0,2,3,1,0,0,1|4.8628
12,6,24,12,24,1,12,2,6,2,3,0,1,0,1,2|4.9880
12,6,24,12,24,3,12,2,6,0,3,2,1,3,1,0|4.9334
12,6,24,12,24,3,12,2,6,3,2,1,1,3,1,0|5.0591
12,6,24,12,24,6,12,3,6,3,3,0,1,0,0,3|4.6850
12,6,24,12,24,6,12,3,6,6,0,0,1,0,3,2|4.6513
12,12,24,12,24,6,12,3,6,0,3,2,1,3,0,0|4.5877
24,24,12,0,24,6,12,3,6,3,2,1,1,3,0,0|4.3345
48,24,24,3,6,6,2,1,1,6,0,0,0,3,0,0|3.0315
48,24,24,3,6,12,2,1,1,3,0,0,0,6,0,0|2.8988
48,48,3,0,6,12,3,3,1,3,0,0,6,0,0,0|1.9163
96,3,0,0,6,12,6,2,1,3,0,0,6,0,0,0|-0.5858
96,3,6,2,6,12,0,0,1,3,0,0,6,0,3,0|-0.4877
96,3,6,2,6,12,0,0,1,3,3,0,6,0,1,0|-0.3493
96,3,6,2,6,12,0,0,1,6,0,3,6,1,0,0|-0.3506
96,3,6,2,6,12,0,0,1,6,3,2,6,1,0,0|-0.2016
96,3,6,2,6,12,3,2,1,6,0,0,6,1,2,0|-0.0423
96,3,0,1,6,12,6,2,1,6,3,2,6,1,2,0|0.0872
96,3,6,3,6,12,3,2,1,6,2,0,6,1,2,0|0.1171
96,3,6,3,6,12,3,2,1,6,2,0,6,3,0,1|0.0873
96,3,6,3,6,12,3,2,1,1,6,2,0,6,3,1|0.2678
96,3,6,3,6,12,3,2,1,1,6,3,0,6,3,2|0.2686
96,3,6,3,6,12,3,2,1,1,6,3,6,3,2,3|0.3896
96,3,6,3,6,12,3,3,1,1,6,2,6,3,2,6|0.3811
96,3,6,3,6,12,6,2,1,1,6,2,6,3,2,6|0.3828
96,3,12,3,6,12,6,2,1,1,2,2,6,3,3,6|0.2848
96,3,12,3,6,12,6,2,1,3,2,1,6,6,6,0|0.1072
96,3,12,3,6,12,6,2,1,3,3,0,12,6,0,2|-0.1001
96,3,12,3,6,12,6,2,0,1,3,3,1,12,6,2|0.0929
96,3,12,3,6,12,6,2,1,3,3,3,1,12,6,2|0.2063
0,1,3,3,3,2,0,2,3,0,0,0,1,2,0,0|6.8902
3,3,3,3,3,0,0,2,1,2,0,0,1,0,0,0|6.8772
6,3,3,0,3,0,2,1,3,0,0,0,1,0,0,0|6.7544
6,6,0,0,3,2,1,2,3,0,0,0,1,0,0,0|6.7619
12,0,0,1,3,3,2,0,3,0,0,0,1,0,0,0|6.5597
12,3,2,1,6,0,0,0,1,0,0,0,0,0,3,0|6.5478
12,3,3,0,6,0,0,0,1,0,0,0,0,3,0,2|6.5362
12,6,0,1,6,0,0,0,1,0,0,0,3,0,2,0|6.5348
12,6,0,1,6,0,0,0,1,0,2,0,3,0,3,0|6.6437
12,6,0,1,6,0,2,0,1,0,3,0,3,0,1,0|6.7830
12,6,2,1,6,0,3,0,1,0,1,0,3,0,2,0|6.9325
12,6,3,0,6,3,0,0,1,1,0,3,3,2,0,0|6.9223
12,6,3,0,6,3,0,0,1,1,3,2,3,2,0,0|7.0724
12,6,3,0,6,3,3,2,1,3,0,0,3,0,0,2|7.0429
12,6,6,2,6,6,0,0,1,0,0,2,3,0,3,0|6.8536
12,12,2,1,12,0,0,0,1,0,2,0,3,3,0,0|6.6047
24,2,1,1,12,0,0,0,1,2,0,0,6,0,0,0|6.2760
24,3,1,3,12,0,0,0,3,0,0,0,6,0,0,0|6.0977
24,0,3,0,12,3,1,3,3,0,0,0,6,0,0,0|6.1997
24,3,3,3,12,0,1,0,3,0,0,0,6,3,0,0|6.3020
24,6,3,2,12,1,0,0,3,0,0,0,6,3,0,0|6.3547
24,6,3,2,12,1,0,0,3,3,0,0,6,1,0,0|6.5176
24,6,3,2,12,1,0,0,6,0,0,1,6,1,0,0|6.4809
24,6,3,2,12,1,0,1,12,1,0,0,0,0,0,2|6.4346
24,6,3,3,24,1,0,0,0,1,0,2,0,0,0,2|6.0386
24,6,6,0,24,1,0,0,1,0,2,1,0,0,2,0|6.0629
48,6,6,0,1,1,2,1,0,0,2,0,2,0,0,0|5.2976
48,12,0,0,1,3,1,0,0,2,0,3,2,0,0,0|5.0626
48,12,1,0,1,3,0,3,2,2,0,0,3,0,0,0|5.2080
48,12,1,3,3,3,0,0,3,2,0,0,0,0,0,1|5.1937
48,12,1,3,6,3,0,0,0,2,0,1,1,0,0,0|5.1898
48,12,1,3,6,3,0,1,1,2,0,0,0,0,0,1|5.3563
48,12,1,3,6,3,1,2,3,0,0,0,0,0,1,0|5.3631
48,12,1,3,6,3,3,2,3,0,0,0,0,1,0,0|5.3703
48,12,1,3,6,3,3,2,3,1,0,0,0,1,0,0|5.5379
48,12,1,3,6,6,2,0,3,1,0,0,1,0,0,2|5.5259
48,12,3,3,6,6,0,0,3,1,0,2,1,0,2,0|5.4942
48,12,6,3,12,0,0,0,3,1,2,0,1,2,0,0|5.2529
48,12,6,3,12,0,0,0,3,3,0,3,3,0,0,0|5.0821
48,12,6,3,12,3,0,3,6,0,0,0,3,0,0,0|5.1016
48,12,6,6,12,3,0,0,6,0,0,0,3,0,0,3|5.0715
48,12,12,6,12,3,0,0,6,0,0,0,3,0,3,0|4.9318
48,12,12,6,12,3,0,0,6,0,3,0,3,0,2,0|5.0825
48,12,12,6,12,3,3,0,6,0,2,0,3,0,3,0|5.2237
48,24,6,2,12,6,0,0,6,2,0,0,3,3,0,0|4.8852
48,24,6,2,12,6,0,0,6,2,0,0,6,0,0,1|4.8772
48,24,6,2,12,6,0,0,12,2,0,1,0,0,0,2|4.8296
48,24,6,2,24,6,0,1,0,2,0,2,1,0,0,0|4.5724
48,24,6,2,24,6,1,0,2,0,2,3,1,0,0,0|4.7557
48,24,6,2,24,6,3,3,3,0,0,0,0,0,0,1|4.6094
48,24,6,2,24,6,3,3,3,0,0,1,0,0,0,2|4.7635
48,24,6,2,24,6,3,3,3,0,0,3,0,0,0,3|4.7381
48,24,6,2,24,6,6,0,3,0,3,0,0,0,3,1|4.7431
48,24,12,2,24,6,3,0,3,0,3,1,0,0,0,3|4.6986
48,24,12,2,24,6,6,1,3,0,0,3,0,0,0,3|4.6745
48,24,12,3,24,6,6,3,3,0,0,3,0,0,0,2|4.6709
48,24,12,6,24,6,6,3,3,0,0,2,0,0,0,3|4.6678
48,24,12,6,24,12,3,2,3,0,2,0,0,0,3,0|4.6452
48,24,12,6,24,12,3,2,3,2,0,3,0,3,0,0|4.8030
48,24,12,6,24,12,3,2,3,2,3,0,3,0,0,6|4.8513
48,24,12,6,24,12,6,2,6,2,0,6,0,0,1,0|4.7401
48,24,12,6,24,12,6,2,6,2,6,0,0,1,0,1|4.8894
48,24,12,6,24,12,12,2,6,3,0,1,0,2,0,0|4.6792
48,24,24,6,24,12,0,3,6,3,0,0,0,2,0,1|4.2895
48,48,6,0,24,12,3,0,6,3,0,0,2,0,1,1|3.5803
96,6,0,2,24,12,3,0,6,3,0,0,2,1,1,0|1.2116
96,6,3,2,24,12,0,0,6,3,1,0,2,1,2,0|1.3635
96,6,3,2,24,12,0,0,6,3,1,0,3,2,0,2|1.3858
96,6,3,2,24,12,1,0,6,3,0,2,3,2,3,0|1.5487
96,6,3,2,24,12,1,2,6,3,3,0,3,2,0,3|1.6821
96,6,3,2,24,12,3,0,6,6,0,1,3,2,3,0|1.5361
96,6,6,2,24,12,0,1,6,6,3,0,3,2,0,2|1.5406
96,6,6,3,24,12,3,0,6,6,0,2,3,2,3,0|1.5556
96,6,6,3,24,12,3,2,6,6,3,0,3,2,3,0|1.7113
96,12,3,1,24,12,3,2,12,3,0,0,3,2,3,0|1.4774
96,24,6,3,24,3,0,0,12,2,3,0,3,2,0,0|1.0142
96,24,6,3,24,3,3,0,12,2,0,0,3,2,6,0|1.1015
96,24,6,3,24,3,3,0,12,2,6,0,3,2,1,0|1.2894
96,24,6,3,24,6,0,1,12,2,6,0,3,3,0,0|1.1379
96,24,6,3,24,6,6,1,12,2,0,0,3,3,3,0|1.2669
96,24,6,3,24,12,1,3,12,2,0,0,6,3,0,0|1.0966
96,24,6,6,24,12,1,0,12,2,0,0,6,3,0,3|1.0769
3,96,24,12,0,24,12,1,0,12,2,0,0,6,3,3|1.0677
3,96,24,12,0,24,12,1,2,0,12,2,0,0,6,6|1.0592
3,96,24,12,2,24,24,3,0,0,6,6,0,0,2,0|0.7313
3,96,24,12,1,2,48,3,0,0,0,12,0,0,0,2|-0.1359
3,96,24,12,2,3,48,3,0,0,0,12,0,0,0,2|-0.1125
3,96,24,12,2,3,48,3,0,0,12,2,0,0,2,0|0.0915
3,96,24,12,2,3,48,3,0,12,2,1,0,2,0,0|0.3061
3,96,24,12,2,3,48,3,1,0,12,3,0,0,2,0|0.2714
3,96,24,12,3,3,48,6,0,0,12,0,12,0,2,0|-0.1526
3,96,24,12,6,48,6,0,0,12,0,1,12,2,0,0|-0.1259
3,96,24,12,0,6,48,6,0,0,12,1,3,12,2,0|0.1014
3,96,24,12,0,6,48,6,0,0,12,1,3,3,12,2|0.2094
3,96,24,12,0,6,48,6,0,0,12,1,3,6,12,2|0.2181
3,96,24,12,0,6,48,6,3,6,24,3,0,0,2,0|-0.1126
3,96,24,12,3,12,48,6,0,0,24,3,2,0,2,0|-0.1625
0,2,24,0,3,96,48,12,3,12,24,6,2,0,2,3|0.0783
3,2,24,12,3,96,48,6,2,12,24,3,1,0,2,0|0.2898
0,1,24,0,3,2,48,12,3,96,24,6,3,12,2,3|0.3720
3,3,24,12,3,96,48,6,3,12,24,3,0,1,2,0|0.3549
0,6,24,12,3,96,48,6,3,12,24,3,1,0,1,2|0.3686
0,6,24,12,3,96,48,6,3,12,24,3,3,1,0,3|0.3631
0,6,24,12,3,96,48,6,3,12,24,3,2,3,1,3|0.5982
3,6,24,12,3,96,48,6,2,12,24,6,0,3,1,3|0.6142
6,6,24,12,2,96,48,12,0,12,24,3,0,3,1,1|0.4609
6,6,24,24,2,96,48,3,0,12,24,1,0,3,1,3|0.2784
6,6,6,48,2,96,48,3,0,12,24,1,0,3,1,3|-0.5034
1,6,12,48,2,96,48,3,0,12,24,1,0,3,1,3|-0.5243
1,6,12,48,2,96,48,3,12,24,1,1,3,1,3,0|-0.2744
1,6,12,48,2,96,48,3,12,24,1,1,2,3,1,3|-0.0738
3,6,12,48,12,96,48,3,2,24,1,1,3,3,1,3|-0.0723
