0,0,2,2,0,3,0,0,2,1,3,0,1,3,0,1|3.6963
0,2,2,1,3,0,0,0,3,3,0,0,1,3,1,0|3.6506
0,0,0,3,0,2,2,1,6,0,0,0,1,6,1,0|3.4948
0,0,0,3,0,0,2,3,2,6,0,0,0,1,6,1|3.4690
0,0,0,3,0,0,2,3,3,2,6,0,0,1,6,1|3.5431
0,0,2,6,3,2,6,0,0,1,6,1,0,0,2,0|3.5372
3,2,2,6,0,1,12,1,0,0,2,0,0,0,0,2|3.4912
3,3,2,6,0,0,12,1,0,0,2,2,0,0,0,2|3.4352
3,6,2,6,0,0,12,1,0,0,2,2,0,0,0,2|3.3891
3,6,2,6,0,12,1,0,0,2,2,0,0,0,2,1|3.4429
3,6,3,6,0,12,2,0,0,2,2,1,0,0,0,1|3.4067
3,6,3,6,12,2,0,1,2,2,1,0,0,0,1,0|3.5404
3,6,3,6,12,2,1,2,2,3,0,0,0,1,0,0|3.5140
3,6,3,6,12,3,2,1,2,3,0,0,1,0,0,0|3.4476
3,6,3,6,12,6,2,1,3,0,0,0,0,3,0,0|3.2211
3,12,3,6,12,0,2,1,3,3,0,0,0,3,0,0|3.0845
3,12,3,6,12,3,2,1,3,3,0,0,0,2,0,0|3.2379
3,12,3,6,12,6,2,1,3,2,0,0,0,3,0,0|3.1912
3,12,3,6,12,6,3,0,3,2,0,0,3,0,0,2|3.1045
3,12,3,6,0,12,6,3,3,3,2,0,0,3,0,2|3.1576
3,24,3,6,3,3,6,3,0,3,2,2,0,3,0,0|2.9008
3,24,3,6,6,6,3,0,3,2,2,1,3,0,0,0|2.8438
3,24,6,6,6,6,2,1,6,2,0,0,0,0,1,0|2.6868
3,24,6,6,12,6,2,1,0,2,1,0,3,0,0,0|2.5597
3,24,6,6,12,6,3,1,3,2,0,0,1,0,0,0|2.5525
2,3,24,12,12,6,3,1,0,3,2,0,0,1,0,0|2.4652
2,3,24,12,12,6,3,1,3,2,0,1,1,0,0,0|2.5879
2,3,24,12,12,6,3,1,3,2,1,2,1,0,0,0|2.6805
2,3,24,12,12,6,3,1,3,3,2,3,0,1,0,0|2.6231
2,3,24,12,12,6,3,1,6,2,3,2,1,0,0,0|2.5955
2,3,24,12,12,6,6,3,6,2,0,0,1,0,2,0|2.3779
2,3,24,12,12,12,3,0,6,2,0,0,1,2,0,3|2.2702
2,3,24,12,3,12,12,3,0,6,2,0,0,1,2,3|2.3424
2,3,24,12,3,24,3,0,6,2,0,0,1,2,3,1|2.1146
2,3,24,12,0,3,24,3,3,6,2,0,0,3,3,1|1.9866
2,6,48,12,3,6,2,3,0,3,3,1,0,0,1,0|1.0386
2,12,48,12,3,3,2,3,0,0,3,1,0,2,1,0|0.9305
2,12,48,12,6,2,3,0,0,3,1,0,2,1,0,1|0.8923
2,12,48,12,0,6,2,3,1,0,3,1,0,2,1,1|0.9941
2,12,48,12,6,2,3,0,1,3,1,2,2,1,1,0|1.1257
2,12,48,12,0,6,2,3,0,1,3,3,1,2,1,1|1.0573
2,12,48,12,0,6,2,6,1,3,3,1,0,3,1,0|0.8688
2,12,48,12,1,6,2,6,0,6,3,1,0,2,1,0|0.8502
3,12,48,12,0,12,2,6,0,2,3,1,0,3,1,0|0.5915
3,24,48,12,0,2,2,6,0,3,3,1,0,2,1,0|0.2927
3,24,48,12,2,2,6,3,3,3,1,0,2,1,0,0|0.3639
3,24,48,12,2,2,6,3,0,3,3,1,1,2,1,0|0.4449
3,24,48,12,2,2,6,3,1,3,3,1,6,2,1,0|0.4959
3,24,48,12,2,2,6,3,0,1,6,1,2,6,2,1|0.4868
3,24,48,12,2,3,12,3,2,6,2,1,3,0,0,1|0.1975
3,24,48,12,2,3,12,3,2,6,3,0,3,0,1,1|0.1382
3,24,48,12,2,3,12,3,2,6,3,0,3,1,1,2|0.2588
3,24,48,12,2,3,12,3,2,6,3,0,3,1,3,1|0.2193
3,24,48,12,2,3,12,3,3,2,6,3,3,1,3,1|0.2697
3,24,48,12,2,3,12,6,6,3,6,1,0,0,3,1|-0.0500
3,24,48,12,2,3,12,6,6,3,6,1,0,3,1,1|0.0602
3,24,48,12,2,6,12,6,6,3,6,1,0,2,1,1|0.0203
3,24,48,12,2,6,12,6,6,3,6,1,2,1,1,3|0.1103
3,24,48,12,2,6,12,6,6,3,6,1,3,1,3,2|0.0502
0,0,0,0,0,1,2,2,1,0,0,2,3,3,1,1|5.8351
0,0,0,0,3,0,3,2,0,1,0,2,0,6,1,1|5.6807
3,0,3,2,0,1,0,2,0,6,1,1,0,0,0,3|5.7765
3,1,3,2,0,6,1,3,0,0,0,3,0,2,0,0|5.7824
3,1,3,2,0,6,1,6,0,2,0,0,0,2,0,0|5.8185
3,1,3,2,6,1,6,1,2,0,0,0,2,0,0,0|5.9347
3,1,3,3,6,1,6,0,2,0,0,0,2,0,0,1|5.8911
0,3,1,6,0,6,1,6,0,2,0,0,2,2,0,1|5.8877
3,1,6,0,6,1,6,3,2,0,0,0,2,2,1,0|5.9845
3,1,12,3,6,1,0,0,2,2,1,0,2,3,0,0|5.9014
3,1,12,3,6,3,1,0,2,3,0,0,2,0,2,0|5.8985
3,1,12,3,6,6,1,0,2,0,2,0,2,0,2,0|5.8957
3,1,12,3,6,6,3,0,2,0,2,0,2,0,3,0|5.8431
3,1,12,3,1,6,6,3,0,2,0,2,0,2,0,3|5.9707
3,1,12,3,0,1,12,3,1,0,2,2,0,0,2,3|5.9185
3,1,12,3,1,12,3,0,1,2,2,3,0,2,3,0|6.0765
3,1,12,3,1,12,3,0,3,2,3,0,2,3,0,1|6.0546
3,1,12,3,0,1,12,3,0,3,2,3,1,2,3,1|6.1430
3,1,24,6,0,1,2,3,1,3,3,1,0,2,3,0|5.7115
3,1,24,6,1,2,3,3,1,6,1,0,2,3,0,0|5.6902
3,1,24,6,3,3,3,1,1,6,1,0,2,3,0,0|5.6791
6,1,24,6,1,3,3,1,2,6,1,0,1,3,0,0|5.6982
6,1,24,6,3,3,3,1,1,6,1,0,2,3,0,0|5.6774
6,1,24,6,6,3,1,3,1,6,1,0,2,3,0,0|5.6569
3,1,0,0,6,3,24,6,6,6,1,3,3,3,1,0|5.5666
3,1,0,0,6,3,24,6,12,1,3,2,6,1,0,0|5.3964
3,1,2,0,6,3,0,0,12,1,24,6,6,1,3,2|5.5265
3,1,2,0,6,3,24,6,12,1,3,2,6,1,0,2|5.6868
3,3,0,0,6,3,24,6,12,1,3,2,6,1,2,1|5.6172
6,0,0,1,6,3,24,6,12,1,3,2,6,3,1,0|5.4879
12,3,24,1,12,1,3,6,6,3,1,2,0,2,0,0|5.4488
12,3,24,1,12,1,3,6,6,3,3,2,2,0,0,0|5.4399
24,3,24,1,6,1,6,6,2,3,0,2,3,0,0,0|5.0312
24,3,24,1,2,6,1,12,0,2,3,2,0,3,0,0|5.0628
24,3,24,1,2,6,1,12,0,2,3,2,3,0,3,0|5.1445
24,3,24,1,2,6,1,12,3,2,6,2,1,0,0,0|5.1965
24,3,24,1,2,6,1,12,3,2,6,2,3,1,0,0|5.2886
24,3,24,1,2,6,1,12,6,3,6,2,3,0,0,0|5.1111
24,3,24,1,2,6,1,12,6,3,6,2,2,3,0,0|5.2537
24,3,24,1,2,6,1,12,6,6,6,2,2,1,0,0|5.2266
24,3,24,1,2,6,1,12,12,6,2,0,3,0,0,1|4.9797
24,3,24,1,2,6,1,12,0,12,6,2,3,3,0,1|5.1030
24,3,24,1,2,6,1,12,12,6,2,0,6,0,1,3|5.0366
24,3,24,1,2,12,3,12,12,0,1,3,6,0,2,0|4.8404
24,3,24,1,2,12,3,12,12,0,3,3,6,0,1,0|4.8244
24,3,24,1,2,12,3,12,0,12,0,6,3,6,0,1|4.7687
24,3,24,1,2,24,3,12,3,6,0,6,1,0,0,1|4.5832
24,3,24,1,2,24,3,12,2,3,6,6,0,1,0,1|4.7380
24,3,24,1,2,24,3,12,2,2,3,12,0,0,1,1|4.7030
24,3,24,1,2,24,6,24,2,2,1,1,0,0,3,0|4.2883
24,3,24,1,2,24,6,24,0,2,3,1,1,0,0,3|4.2638
24,3,24,1,2,24,6,24,0,2,3,1,2,1,0,3|4.3896
24,3,24,1,2,24,6,24,2,3,3,1,2,0,0,3|4.3957
24,3,24,1,2,24,6,24,0,2,6,1,1,2,0,3|4.4020
24,3,24,1,2,24,12,24,1,2,0,1,1,2,0,3|4.2786
24,3,24,1,2,24,12,24,0,1,2,1,1,1,2,3|4.4555
24,3,24,1,2,24,12,24,1,2,1,1,1,3,3,0|4.4526
24,3,24,1,2,24,12,24,3,1,1,2,1,6,0,0|4.3500
24,3,24,1,2,24,12,24,3,3,1,3,0,1,6,0|4.2977
24,3,24,1,2,24,12,24,0,6,1,3,2,0,1,6|4.2756
24,3,24,1,2,24,12,24,6,1,3,3,2,1,6,0|4.4239
24,3,24,1,2,24,12,24,6,1,6,3,3,6,0,0|4.2524
24,3,24,1,2,24,12,24,6,1,6,3,2,3,6,0|4.3912
24,3,24,1,2,24,12,24,6,1,6,3,3,2,3,6|4.5003
24,3,24,1,2,3,12,24,6,24,6,3,3,3,3,6|4.4197
24,3,24,1,2,3,12,24,6,24,6,3,6,3,6,3|4.3794
24,6,24,1,2,24,12,24,12,3,12,6,0,0,0,3|3.7994
24,6,24,1,2,24,24,24,12,3,0,6,0,0,2,3|3.5097
24,6,24,1,0,2,24,48,2,12,3,6,0,0,2,3|2.7703
24,6,48,1,2,2,3,48,0,12,2,6,1,0,0,3|2.0512
0,0,3,1,24,6,48,48,2,2,3,6,1,12,2,3|2.1424
24,6,3,1,2,2,48,48,1,12,3,6,6,0,2,3|2.2140
24,6,3,1,3,2,48,48,6,12,3,6,1,0,2,3|2.1958
24,6,3,1,3,2,96,0,6,12,3,6,1,2,3,1|-0.2120
24,6,3,1,3,2,96,6,6,12,6,1,1,2,0,2|-0.1795
24,6,3,1,3,2,96,6,6,12,6,1,3,0,2,2|-0.1867
24,6,3,1,3,2,96,6,6,12,6,1,3,2,2,1|-0.0035
3,2,3,3,1,0,0,2,0,0,1,0,2,0,3,0|9.4362
3,2,3,3,1,0,1,2,2,0,3,0,1,0,0,0|9.5988
3,2,6,0,1,1,2,0,2,3,0,2,1,0,0,0|9.6519
3,2,6,0,1,3,0,1,2,3,2,0,1,0,0,0|9.6656
3,2,6,1,3,6,2,0,1,0,0,0,1,0,0,0|9.6198
6,2,6,1,1,6,2,0,1,0,0,0,2,0,0,0|9.6745
6,2,6,1,0,1,6,2,3,1,0,0,0,2,0,0|9.7498
6,3,12,3,3,1,0,0,0,2,0,0,0,3,0,0|9.3957
6,3,12,3,3,3,0,0,0,3,0,0,0,1,0,0|9.4021
6,6,12,3,3,3,0,0,0,1,0,0,0,2,0,0|9.4191
6,6,12,3,3,3,0,0,0,3,0,0,0,2,0,0|9.4466
6,6,12,3,3,6,0,0,0,2,0,0,0,2,0,0|9.4948
12,12,3,3,3,6,0,0,2,0,0,0,2,0,0,0|9.4335
24,3,3,1,3,6,0,0,2,0,0,0,2,0,0,0|9.2529
0,24,6,1,0,3,6,0,1,2,0,0,0,2,0,0|9.2728
24,6,1,0,3,6,0,0,3,0,0,0,2,0,0,3|9.2633
24,6,1,0,3,6,0,0,3,0,0,0,2,0,3,1|9.4345
24,12,1,0,6,0,0,0,2,0,3,1,2,0,0,0|9.2762
24,12,1,0,6,0,0,0,2,3,1,2,2,0,0,0|9.4486
24,12,1,0,6,3,1,2,2,0,0,0,2,0,0,1|9.6416
24,12,1,0,6,3,3,0,2,0,0,0,2,0,1,3|9.6453
24,12,1,0,6,6,0,3,2,0,0,0,2,1,3,0|9.6196
24,12,1,0,12,0,3,0,2,0,0,0,3,3,0,1|9.4545
24,12,1,0,12,3,0,3,2,0,0,0,6,0,1,0|9.5001
24,12,1,0,12,3,3,0,2,0,0,0,6,1,0,3|9.6664
24,12,1,0,12,6,0,0,2,0,0,0,6,1,3,2|9.6933
24,12,1,0,12,6,0,0,2,1,3,2,6,0,1,0|9.8709
24,12,1,0,12,6,0,0,3,3,2,2,6,1,0,0|9.8992
24,12,1,0,12,6,0,0,6,2,2,2,6,1,0,0|9.9382
24,12,1,0,12,6,2,2,12,3,0,0,0,0,3,0|9.7279
24,12,3,2,24,6,0,0,0,3,3,0,3,0,0,0|9.3183
24,12,3,2,24,6,0,0,3,3,0,1,3,0,0,0|9.5194
48,12,3,2,3,6,0,1,3,3,0,0,3,0,0,0|8.7612
48,12,3,3,6,6,0,0,3,3,0,0,0,0,0,1|8.6537
48,12,6,0,12,0,0,0,6,0,0,0,0,0,1,2|8.3370
48,12,6,0,12,0,0,0,6,0,1,2,0,0,1,0|8.5210
0,48,12,6,0,12,0,0,1,6,0,3,0,0,0,1|8.5857
48,12,6,2,12,0,0,0,1,6,3,0,0,0,1,0|8.8113
48,12,6,2,12,6,3,0,1,0,1,0,0,2,0,0|8.9975
48,12,6,2,12,6,3,0,1,1,0,3,2,0,0,0|9.1646
48,12,6,2,12,6,3,3,3,1,0,0,0,0,0,3|9.1824
48,12,6,2,12,6,6,3,3,1,0,0,0,0,3,0|9.1910
48,12,6,2,12,12,3,1,3,1,0,0,0,3,0,0|9.2004
48,24,6,3,12,1,3,0,3,3,0,0,0,0,0,2|8.8806
48,24,6,3,12,1,3,0,3,3,0,2,0,0,0,1|9.0616
48,24,6,3,12,1,3,0,6,0,2,2,0,0,1,0|9.1135
48,24,6,3,12,1,3,0,6,2,2,0,0,1,0,3|9.2861
48,24,6,3,12,3,3,0,6,1,2,3,0,0,0,1|9.3296
48,24,6,3,12,6,0,0,6,3,3,0,0,0,1,2|9.1940
48,24,6,3,12,6,3,0,6,3,1,2,0,0,0,3|9.3892
48,24,6,3,12,6,3,2,6,3,1,3,0,0,0,2|9.6152
48,24,6,3,12,6,3,2,6,3,1,3,0,0,2,1|9.8021
48,24,6,3,12,6,3,2,6,3,3,3,0,0,1,1|9.8499
48,24,6,3,12,6,6,2,6,3,1,3,0,0,2,1|9.9186
48,24,12,3,12,6,1,2,6,3,2,3,0,0,3,1|9.9182
48,24,12,3,12,6,3,0,6,3,2,3,0,3,1,1|9.9487
48,24,12,3,12,6,3,3,6,6,3,1,0,0,3,0|9.8001
48,24,12,6,12,12,6,1,6,0,3,0,0,0,2,0|9.5324
48,24,12,6,24,6,1,3,6,3,0,0,0,2,0,0|9.3757
48,24,12,6,24,6,1,3,6,3,0,0,2,0,0,2|9.5799
48,24,12,6,24,6,1,3,6,3,0,2,2,0,0,1|9.7850
48,24,12,6,24,6,1,3,6,3,2,0,2,0,1,1|9.9911
48,24,12,6,24,6,3,3,6,3,1,1,2,0,0,2|10.0482
48,24,12,6,24,6,3,3,6,3,1,3,2,0,0,3|10.0763
48,24,12,6,24,6,6,0,6,3,1,3,2,0,3,6|10.0653
48,24,12,6,0,24,6,6,6,3,1,3,3,2,3,6|10.2354
48,48,12,12,6,3,6,3,3,2,1,6,0,0,3,2|9.3864
96,12,12,0,6,3,6,3,3,3,6,3,0,3,2,0|6.8185
96,12,12,3,6,6,12,3,3,3,2,0,0,0,0,1|6.7016
96,12,24,6,6,6,2,0,3,3,0,1,0,0,3,0|6.3758
96,12,24,6,0,6,6,2,1,3,3,1,0,0,0,3|6.5710
96,12,24,6,6,6,2,2,1,6,1,0,0,0,3,0|6.7373
96,12,24,6,6,12,3,2,1,0,3,0,0,0,3,0|6.5346
96,24,24,6,6,0,6,2,1,0,3,0,0,12,0,0|5.9331
96,48,6,0,6,6,2,0,1,3,0,1,12,0,0,0|5.2826
96,48,6,0,12,2,0,0,1,3,1,2,12,0,0,0|5.3232
96,48,6,0,12,2,1,2,1,3,0,0,12,0,2,0|5.5450
96,48,6,0,12,3,2,1,1,3,0,0,12,2,0,0|5.6479
96,48,6,1,12,6,2,0,1,2,0,0,12,0,0,1|5.7119
96,48,6,1,12,6,2,0,3,0,0,2,12,0,1,0|5.7570
96,48,6,1,12,6,2,0,3,0,2,1,12,1,0,0|6.0134
96,48,6,1,12,6,2,0,3,2,1,2,12,1,0,0|6.2509
96,48,6,1,12,6,3,2,3,3,0,0,12,3,0,0|6.1396
96,48,6,3,12,6,3,0,3,6,0,0,12,2,0,0|6.1095
96,48,6,3,12,12,3,0,3,2,0,0,12,1,0,0|6.1406
96,48,6,3,24,3,0,3,3,2,0,0,12,1,0,0|5.9629
96,48,6,6,24,3,0,0,3,3,0,0,12,0,0,2|5.8665
96,48,6,6,24,6,0,0,3,0,0,2,12,1,0,0|5.9713
96,48,12,3,24,6,0,0,3,0,2,0,12,1,0,0|5.9874
96,48,12,3,24,6,2,0,3,1,0,0,12,3,0,0|6.2647
96,48,12,3,2,24,6,2,0,3,1,0,0,12,3,0|6.5433
96,48,12,3,2,24,6,2,3,1,0,2,12,3,0,0|6.7833
96,48,12,3,2,24,6,2,0,3,1,2,3,12,3,0|7.0045
96,48,12,3,2,24,6,2,0,0,3,3,3,3,12,3|7.0171
96,48,12,3,2,24,6,2,0,3,3,0,6,12,3,1|7.1410
96,48,12,3,2,24,6,2,6,3,6,1,3,12,0,0|7.2563
96,48,12,3,2,24,12,3,6,3,0,0,3,12,2,0|7.1429
96,48,24,6,2,24,0,0,6,3,2,0,3,12,0,1|6.8209
96,48,24,6,0,2,24,0,0,6,3,2,2,3,12,1|7.0803
96,48,48,6,0,2,3,2,2,6,12,1,0,3,3,0|6.3911
0,96,96,6,0,2,3,2,2,6,12,1,1,0,3,3|4.1233
0,0,192,6,0,2,3,2,2,6,12,1,1,1,0,6|-3.1730
0,0,0,1,0,2,192,6,0,6,3,3,3,1,12,6|-3.1479
0,0,1,2,2,192,6,0,6,3,3,0,3,1,12,6|-2.9113
0,1,2,0,2,192,6,0,6,6,0,3,3,1,12,6|-2.7832
1,2,0,3,2,192,6,0,12,0,3,0,3,1,12,6|-2.8036
0,1,2,3,0,2,192,6,6,12,0,3,3,1,12,6|-2.6026
0,3,2,3,6,12,192,6,3,1,12,3,0,2,0,6|-2.4600
3,2,3,3,6,12,192,6,3,1,12,3,2,0,6,0|-2.2158
3,0,3,1,6,2,192,3,3,12,12,6,2,1,6,3|-1.9101
3,3,1,2,6,2,192,3,3,24,6,0,3,6,3,0|-2.1429
6,1,2,1,6,2,192,3,3,24,6,0,3,6,3,0|-2.0240
6,3,1,2,6,2,192,3,3,24,6,0,3,6,3,0|-1.8835
0,3,1,1,6,2,192,2,6,24,6,3,6,6,3,0|-1.7615
0,3,1,1,6,2,192,2,6,24,6,3,3,6,6,3|-1.5177
3,1,1,0,6,2,192,2,6,24,6,3,3,12,3,1|-1.4024
3,3,1,2,12,24,192,3,3,12,6,1,0,3,3,0|-1.5753
6,1,2,1,12,24,192,3,3,12,6,1,3,3,0,0|-1.4366
6,3,1,0,12,24,192,3,3,12,6,1,6,0,0,2|-1.4561
6,3,1,3,12,24,192,1,3,12,6,2,6,0,0,2|-1.1540
6,3,1,3,12,24,192,1,3,12,6,2,6,0,2,12|-1.0801
6,3,1,3,12,24,192,1,3,12,6,2,6,2,12,3|-0.7944
6,3,1,3,12,24,192,3,3,12,6,3,6,2,12,3|-0.7170
6,3,1,2,12,24,192,3,3,12,6,3,6,2,12,6|-0.5678
6,3,3,1,12,24,192,3,3,12,6,3,6,2,12,6|-0.4267
6,6,1,3,12,24,192,3,3,12,6,3,6,2,12,6|-0.3039
12,1,3,2,12,24,192,3,3,12,6,3,6,2,12,6|-0.1792
0,1,3,1,24,24,192,2,3,12,6,6,6,2,12,6|-0.4226
1,3,1,0,48,192,2,0,3,12,12,3,6,2,12,6|-1.2541
1,3,1,0,48,192,1,0,3,12,2,3,6,2,24,6|-1.2738
1,3,1,0,48,192,3,3,3,12,24,6,6,2,1,0|-1.1615
1,3,1,2,48,192,3,0,3,12,24,3,6,2,1,6|-0.8373
1,3,1,2,48,192,3,2,3,12,24,3,6,2,1,6|-0.5111
1,3,3,0,48,192,3,2,3,12,24,3,6,3,6,12|-0.8029
2,1,3,3,48,192,3,2,3,12,24,3,6,3,6,12|-0.4827
2,2,1,6,48,192,3,2,3,12,24,3,6,3,6,12|-0.2705
3,2,3,6,48,192,3,2,3,12,24,3,6,3,6,12|-0.1463
1,0,0,3,0,0,0,2,3,1,2,3,0,0,1,2|6.4348
1,0,3,3,0,0,2,0,3,3,3,0,0,1,2,0|6.3867
1,3,3,0,0,2,0,1,6,3,0,0,1,2,0,0|6.4089
1,6,0,0,2,0,1,2,6,3,0,0,3,0,0,0|6.2613
2,1,6,0,0,2,0,3,0,6,3,0,0,3,0,0|6.2540
2,3,6,3,0,6,3,0,0,3,0,0,0,0,3,0|6.2268
2,3,6,3,6,3,0,2,3,0,0,0,0,3,0,0|6.3599
2,3,6,3,6,3,2,0,3,0,0,0,3,0,0,1|6.5033
2,6,6,3,6,0,2,0,6,0,0,1,3,0,0,0|6.3168
2,6,6,3,12,0,2,1,3,0,0,0,0,0,0,3|6.2507
1,2,12,3,0,12,0,3,0,3,0,0,0,0,0,3|6.0447
1,2,12,6,0,12,0,0,0,3,0,3,0,0,0,2|6.0390
1,0,0,0,1,2,12,6,0,12,0,3,0,3,0,2|6.1835
0,1,0,0,0,3,12,6,0,0,12,3,3,0,3,2|6.1383
2,0,1,0,0,3,12,6,0,0,12,3,0,3,3,2|6.2833
2,3,1,6,0,0,24,3,0,3,3,2,0,0,1,0|6.0886
2,3,1,6,0,0,24,3,0,0,6,2,1,0,0,1|6.0742
2,3,1,6,0,0,24,3,0,0,6,2,2,1,0,1|6.2000
2,3,1,6,0,0,24,3,0,0,6,2,1,2,1,1|6.3560
2,3,1,6,0,0,24,3,0,0,6,2,2,1,3,1|6.3524
2,3,1,6,0,24,3,2,0,6,2,0,3,3,1,0|6.3589
0,3,3,0,2,24,1,6,0,6,3,2,3,3,3,0|6.3358
2,3,3,6,0,24,1,2,3,6,6,0,0,3,0,1|6.2929
2,6,6,0,24,1,2,0,3,12,0,2,3,0,1,0|6.1403
2,12,0,0,24,3,0,3,3,12,2,0,3,1,0,0|5.9580
2,12,0,0,24,3,3,1,3,12,2,0,3,1,0,0|6.1060
2,12,0,0,24,6,1,3,3,12,2,0,3,1,0,0|6.0542
2,12,1,3,24,6,2,0,6,12,0,0,0,1,0,3|5.9927
2,12,3,3,24,6,0,0,6,12,0,3,0,1,1,0|5.9616
2,12,6,0,24,6,0,0,6,12,3,2,1,1,0,0|6.0007
2,12,6,0,24,6,3,2,6,12,0,0,1,1,0,3|6.1001
2,12,6,2,24,6,3,0,6,12,0,3,1,1,0,1|6.2498
2,12,6,2,24,6,3,0,6,12,3,0,1,1,1,2|6.4098
2,12,6,2,24,6,6,0,6,12,1,2,1,1,2,0|6.4001
2,12,6,2,24,12,0,0,6,12,3,3,1,3,0,0|5.9807
2,24,6,2,24,12,3,3,6,3,0,0,1,2,0,0|5.7916
2,24,6,2,0,24,12,6,3,6,3,0,0,1,2,0|5.7228
2,24,6,2,24,12,6,3,3,6,3,0,1,2,0,0|5.8744
2,24,12,2,24,12,3,3,3,6,0,0,1,2,1,0|5.8162
2,24,12,2,0,24,12,6,1,3,6,0,0,1,2,1|5.7584
2,48,24,2,1,3,6,6,0,1,2,1,0,0,0,3|4.6309
3,48,24,2,0,3,6,6,0,1,2,1,2,0,0,3|4.6137
3,48,24,2,0,0,3,12,0,0,1,3,1,2,0,3|4.3969
3,48,24,2,0,0,3,12,0,0,1,3,1,1,2,3|4.5504
3,48,24,2,0,0,3,12,1,1,3,6,1,0,0,0|4.4143
3,48,24,2,1,1,6,12,1,0,0,6,0,0,2,0|4.4584
3,48,24,2,1,1,6,12,0,1,0,6,3,0,0,2|4.5830
3,48,24,2,1,1,6,12,0,0,1,6,3,3,0,2|4.7179
3,48,24,2,1,1,6,12,0,0,1,6,3,3,3,2|4.8431
3,48,24,2,1,1,6,12,3,3,1,6,2,0,3,2|5.0187
3,48,24,2,1,1,6,12,6,1,6,0,2,3,2,2|5.0446
3,48,24,2,1,1,12,12,6,1,2,2,2,3,0,1|4.9909
3,48,24,2,2,1,1,24,0,6,3,2,0,2,3,1|4.6476
3,48,24,2,3,3,1,24,0,6,3,2,0,2,3,1|4.5947
3,48,24,2,6,1,24,0,6,3,2,1,2,3,1,0|4.5421
3,48,48,2,12,1,2,1,2,6,1,0,3,0,0,0|3.4399
3,48,48,3,12,1,3,0,2,6,0,0,3,0,0,2|3.2881
3,96,3,1,12,1,3,0,2,6,0,0,3,0,2,0|0.8966
3,96,6,1,12,1,0,0,2,6,2,0,3,0,2,0|0.9256
3,96,6,1,12,1,2,0,2,6,2,0,3,0,1,0|1.0849
3,96,6,1,3,12,1,2,0,2,6,2,0,3,0,1|1.1647
3,96,6,1,3,12,3,0,2,6,2,0,3,0,1,12|0.8848
0,2,0,0,6,96,6,1,2,12,3,0,3,6,3,12|0.7954
3,0,2,0,6,96,6,1,0,2,12,3,3,6,3,12|0.9363
3,96,2,1,6,2,6,3,3,6,12,12,1,0,3,0|1.0877
1,3,96,3,6,2,6,3,0,3,6,24,0,1,0,3|0.6995
1,3,96,6,6,2,12,24,0,3,0,3,0,1,0,2|0.4817
1,3,96,6,6,2,12,24,2,0,3,3,0,0,1,2|0.6544
1,3,96,6,6,2,12,24,0,2,0,6,1,0,0,3|0.4874
1,3,96,6,6,2,12,24,2,0,6,0,1,0,3,1|0.6409
1,3,96,6,6,2,12,24,2,6,0,0,1,3,1,2|0.8249
1,3,96,6,6,2,12,24,0,2,6,0,2,1,3,3|0.8093
1,3,96,6,6,2,12,24,2,3,6,3,0,3,3,0|0.8441
1,3,96,6,6,2,12,24,2,3,6,3,3,0,3,3|0.9694
1,3,96,6,6,2,12,24,2,3,6,3,3,3,0,6|0.9552
1,3,96,6,6,2,12,24,2,3,6,3,1,3,3,6|1.1214
1,3,96,6,6,2,12,24,3,6,6,3,0,3,3,6|0.9681
1,3,96,6,6,2,12,24,3,3,12,3,0,0,6,6|0.7452
1,3,96,6,6,2,24,24,3,3,6,3,0,0,12,6|0.2529
1,3,96,6,1,6,2,48,0,6,6,3,0,0,12,6|-0.5890
1,3,96,6,1,12,2,48,0,0,6,3,0,1,12,6|-0.5704
1,3,96,6,1,12,2,48,0,6,3,1,1,12,6,0|-0.4014
1,3,96,6,1,12,2,48,1,6,3,1,1,12,6,0|-0.2118
1,3,96,6,1,12,2,48,1,6,3,1,2,1,12,6|-0.0317
1,3,96,6,1,12,2,48,3,6,3,1,2,1,12,6|-0.0111
0,1,0,3,2,0,2,3,1,0,1,0,3,0,2,0|5.9423
2,1,2,6,1,0,1,0,3,0,2,0,0,0,0,2|5.9396
3,2,6,1,1,1,0,0,3,2,0,0,0,0,2,0|5.9871
3,3,6,1,1,2,0,0,3,0,2,0,0,0,3,0|5.9247
6,6,1,0,3,0,0,1,3,2,0,0,0,3,0,0|5.7625
6,6,1,1,6,2,0,0,0,3,0,0,2,0,0,0|5.7805
12,1,1,1,6,2,0,0,3,0,0,0,2,0,0,0|5.7287
12,3,1,1,6,0,0,0,3,0,0,0,2,2,0,0|5.6971
12,3,1,1,6,0,0,0,3,2,0,0,2,2,0,0|5.8356
12,3,1,1,6,2,0,0,3,2,0,0,2,1,0,0|5.9744
12,3,1,1,6,2,0,0,3,3,0,0,2,3,0,0|5.9333
12,3,1,1,6,2,0,0,6,0,0,2,2,3,0,0|5.9124
12,3,1,1,12,2,0,2,2,3,0,0,1,0,0,0|5.8618
24,3,1,3,2,2,0,0,1,3,0,0,0,0,0,3|5.4513
24,3,1,3,0,2,2,0,3,1,3,0,0,0,0,3|5.5110
24,3,3,3,3,3,3,0,0,0,0,3,0,0,3,0|5.3009
24,6,6,3,3,0,0,3,0,0,3,0,0,3,0,0|5.1310
24,6,6,6,3,0,3,0,0,3,0,0,0,3,0,0|5.0913
24,6,6,6,3,3,3,0,0,3,0,0,0,3,0,0|5.1918
24,6,6,6,3,6,3,0,0,3,0,0,0,1,0,0|5.2126
24,12,6,6,3,3,3,0,0,1,0,0,0,2,0,0|5.1335
24,12,12,0,6,3,0,0,1,0,0,2,2,0,0,0|4.9246
24,12,12,0,6,3,0,2,3,0,0,0,1,0,0,0|4.9160
24,24,0,3,6,3,2,0,3,0,0,0,1,0,0,0|4.6476
48,0,3,1,6,3,2,0,3,0,0,0,1,0,0,0|3.8594
48,3,3,1,6,0,2,0,3,0,0,0,1,1,0,0|4.0114
48,3,3,1,6,0,2,0,3,1,0,0,1,2,0,0|4.1336
48,6,1,0,6,2,0,0,3,1,0,0,3,0,0,2|4.0161
48,6,1,0,6,3,0,0,6,0,0,2,0,3,0,0|3.8088
48,6,1,0,12,3,0,2,0,3,0,0,6,0,0,0|3.6517
48,6,1,2,12,6,0,0,6,0,0,0,0,2,0,0|3.6348
48,12,1,2,12,0,0,0,6,2,0,0,0,2,0,0|3.5882
48,12,3,1,12,0,0,0,6,2,0,0,2,0,0,0|3.5918
48,12,3,1,12,2,0,0,6,0,0,0,2,3,0,0|3.7357
48,12,3,1,12,2,0,0,6,3,0,0,2,2,0,0|3.8898
48,12,3,0,12,2,3,1,6,3,0,0,2,2,0,0|3.9941
48,12,6,1,12,2,0,0,6,3,0,0,2,2,2,0|3.9887
48,12,6,1,12,2,0,0,6,3,2,0,2,2,1,0|4.1136
48,12,6,1,12,2,2,0,6,3,1,0,2,2,3,0|4.2586
48,12,6,1,12,2,3,0,6,3,3,0,2,2,1,0|4.2240
48,12,6,1,12,2,3,0,6,6,0,1,2,3,0,0|4.0796
48,12,6,1,12,2,3,0,12,0,1,3,2,3,0,0|3.9754
48,12,6,1,24,2,3,3,2,3,1,0,3,0,0,0|3.7416
48,12,6,1,24,2,6,1,2,3,1,0,3,0,0,0|3.7679
48,12,12,1,24,2,1,1,2,3,0,0,3,0,2,0|3.6746
48,24,1,2,24,3,1,0,2,3,0,0,3,2,0,0|3.2715
48,24,1,2,24,6,1,0,2,2,0,0,3,2,0,0|3.2787
48,24,3,2,24,6,1,0,2,2,0,0,3,2,0,0|3.2761
48,24,3,2,0,24,6,1,1,2,2,0,0,3,2,0|3.3739
48,24,3,2,24,6,1,1,3,2,0,0,3,2,0,0|3.3919
48,24,3,3,24,6,1,0,6,2,0,0,0,2,0,1|3.2302
0,48,24,6,3,24,6,1,0,6,2,0,0,0,2,1|3.2288
48,24,6,0,3,24,6,1,6,2,0,0,0,2,1,3|3.3377
48,24,6,0,3,24,6,1,6,2,0,0,2,1,3,2|3.4868
48,48,12,1,3,2,0,0,6,1,3,2,2,3,0,0|2.4763
48,48,12,1,3,3,3,2,6,3,0,0,2,0,3,0|2.4061
48,48,12,3,3,6,3,0,6,0,3,0,2,0,0,1|2.2561
96,12,3,2,3,6,3,0,6,3,0,0,2,0,1,0|-0.1335
96,12,6,2,3,6,0,0,6,3,1,0,2,0,2,0|-0.1328
96,12,6,2,3,6,1,0,6,3,2,0,2,0,1,0|0.0381
96,12,6,2,3,6,3,0,6,3,1,0,2,0,12,0|-0.2106
96,12,6,2,3,6,3,0,6,3,1,0,2,12,0,1|-0.0590
96,12,6,2,3,6,3,0,6,3,1,1,2,12,0,3|0.0630
96,12,6,2,3,6,3,0,6,3,1,1,2,12,3,1|0.2352
96,12,6,2,3,6,3,1,6,3,1,1,2,12,3,2|0.3778
96,12,6,3,3,6,3,1,6,3,1,2,2,12,3,3|0.3307
96,12,6,3,3,6,3,1,6,3,3,1,2,12,6,0|0.1839
96,12,6,3,3,6,3,1,6,6,1,3,2,12,6,0|0.1675
96,12,6,3,3,6,3,1,12,1,3,1,2,12,6,0|0.1714
96,12,6,3,3,6,6,1,12,1,6,1,2,12,2,0|0.2157
96,12,12,3,3,6,6,1,12,1,2,1,2,12,3,0|0.1003
96,24,3,0,3,12,1,0,12,3,1,2,2,12,3,0|-0.4748
96,24,3,0,3,12,1,2,12,3,1,0,2,12,3,3|-0.3694
96,24,3,2,3,12,1,0,12,3,1,3,2,12,3,1|-0.1938
96,24,3,2,3,12,1,3,12,3,1,1,2,12,3,2|-0.0378
96,24,3,1,3,12,1,2,12,3,1,3,2,12,3,3|-0.0614
96,24,3,1,3,12,3,0,12,3,1,3,2,12,6,2|-0.1846
96,24,6,1,3,12,1,3,12,3,6,2,2,12,0,3|-0.1775
1,1,0,0,2,0,1,1,3,0,0,2,0,3,0,2|10.0590
0,0,3,0,1,1,0,0,2,0,1,3,3,3,0,2|10.0574
0,0,0,3,0,1,1,0,3,2,1,3,0,3,3,2|10.2264
0,0,3,0,1,1,0,2,3,3,3,0,3,3,2,0|10.2259
0,3,0,0,1,1,2,2,6,3,0,0,6,2,0,0|10.1761
3,0,0,0,1,3,2,1,6,3,0,0,6,2,0,0|10.1969
3,3,2,1,1,3,0,0,12,2,0,0,2,0,0,0|10.2082
3,6,2,1,1,2,0,0,12,0,0,0,2,1,0,0|10.2302
3,6,3,0,3,0,0,1,12,0,0,0,3,0,0,0|9.9429
6,6,3,1,12,0,0,0,3,0,0,0,0,0,0,3|9.9361
12,3,1,0,12,0,0,0,3,0,0,0,0,0,3,1|9.9200
24,3,1,0,3,0,0,0,0,0,3,1,0,0,2,0|9.7446
24,3,1,0,3,0,0,0,0,3,1,0,0,2,0,3|9.8798
24,3,1,0,3,3,1,0,0,2,0,3,0,0,2,0|10.0556
24,3,1,0,6,1,0,3,2,0,3,0,0,2,0,0|10.0722
24,3,1,3,6,1,3,0,2,2,0,0,0,0,3,0|10.2494
24,3,1,3,6,3,3,0,2,0,3,0,0,0,1,0|10.2572
24,6,1,3,6,0,6,0,2,0,1,0,0,2,0,0|10.1758
24,6,1,3,6,6,0,0,2,1,0,3,2,0,0,0|10.3050
24,6,1,3,12,0,0,0,3,0,3,3,2,0,0,0|10.0950
24,6,1,3,12,0,3,3,3,0,0,0,2,0,0,3|10.2456
24,6,1,3,12,3,3,2,3,0,0,0,2,0,3,0|10.4670
24,6,1,3,12,6,2,0,3,0,0,0,2,3,0,2|10.4891
24,12,3,3,12,0,0,0,3,3,0,2,2,0,0,1|10.2819
24,12,3,3,12,3,0,2,3,0,0,1,2,2,0,0|10.5155
24,12,6,1,12,3,2,0,3,0,1,0,2,2,0,0|10.5898
24,12,6,1,12,3,3,0,3,2,0,0,2,0,1,0|10.6248
24,12,6,1,12,6,0,3,3,2,0,0,2,1,0,0|10.6306
24,12,6,1,12,6,0,3,3,3,0,0,2,2,0,0|10.6772
24,12,6,1,12,6,3,0,6,0,0,2,2,2,0,0|10.7145
24,12,6,1,12,6,3,2,6,2,0,0,2,0,0,1|10.9327
24,12,6,3,12,6,3,0,6,2,0,1,2,0,0,2|10.9616
24,12,6,3,12,6,3,0,6,2,1,0,2,0,2,3|11.1313
24,12,6,3,12,6,3,0,6,2,3,3,2,0,3,0|11.1418
24,12,6,3,12,6,6,3,6,2,3,0,2,0,0,1|11.1932
24,12,6,3,12,12,3,0,6,2,3,0,2,0,1,3|11.1753
24,12,6,3,24,3,0,0,6,2,3,0,2,1,3,1|10.9883
48,12,6,3,6,3,3,0,2,3,3,1,0,2,0,0|10.1121
48,12,6,3,6,6,6,1,2,2,0,0,0,0,3,0|10.0068
48,12,12,3,6,6,0,1,2,2,3,0,0,0,1,0|10.0023
48,24,3,0,12,0,1,0,2,2,3,0,0,1,0,3|9.5687
48,24,3,0,12,2,1,0,2,1,3,3,0,3,0,0|9.7959
48,24,3,0,12,3,0,0,3,3,3,1,3,0,0,0|9.6641
48,24,3,0,12,6,3,1,6,0,0,0,1,0,0,0|9.5931
48,24,6,1,12,6,0,0,6,0,0,0,1,0,0,6|9.5530
48,24,6,1,12,6,0,0,6,0,0,0,1,0,6,2|9.7639
48,24,6,1,3,12,6,0,0,6,0,0,0,1,6,2|9.9756
48,24,12,1,3,12,0,0,0,6,6,2,0,1,0,3|9.9283
48,24,12,1,3,12,6,2,0,6,0,3,0,1,0,1|10.1519
48,24,12,1,3,12,6,2,6,0,3,0,1,0,1,2|10.3465
48,24,12,1,3,12,6,2,6,3,0,1,1,1,2,0|10.5720
48,24,12,3,3,12,6,1,6,3,2,0,1,1,0,2|10.6685
48,24,12,3,3,12,6,1,6,3,2,2,1,1,0,2|10.8860
48,24,12,3,3,12,6,3,6,3,2,2,1,1,0,2|10.9444
48,24,12,3,3,12,6,3,6,3,2,2,1,1,1,2|11.1539
48,24,12,6,3,12,6,2,6,3,3,2,1,1,1,0|11.0943
48,24,12,6,3,12,6,2,0,6,6,2,2,1,1,1|11.1358
48,24,12,6,3,12,6,2,6,6,2,3,3,1,1,0|11.2082
48,24,12,6,3,12,6,2,6,6,3,3,3,1,2,0|11.2518
48,24,12,6,3,12,6,2,12,3,3,3,3,3,0,0|11.1063
48,24,12,6,3,12,6,2,12,6,3,1,6,0,0,0|11.0319
48,24,12,6,3,12,6,3,12,6,3,0,6,0,0,1|11.0786
48,24,12,6,3,12,6,3,0,12,6,3,3,6,0,1|11.2364
48,24,12,6,3,24,12,6,3,6,0,1,0,0,0,2|10.7352
48,48,24,12,6,6,0,1,0,0,0,2,0,3,0,0|9.2552
96,24,12,0,12,0,1,0,0,0,2,2,3,0,0,0|6.7363
96,24,12,0,12,1,0,0,0,2,2,3,3,0,0,0|6.9684
96,24,12,0,12,3,2,3,3,0,0,0,0,0,0,1|7.0818
96,24,12,3,12,3,2,0,3,0,0,1,0,0,0,2|7.3062
96,24,12,3,12,3,2,0,3,0,1,2,0,0,2,0|7.5218
96,24,12,3,0,12,3,2,3,3,0,3,0,0,0,2|7.5486
96,24,12,3,12,3,2,3,6,0,3,0,0,0,2,0|7.6566
96,24,12,3,12,3,2,3,6,3,0,2,0,2,0,0|7.8858
96,24,12,6,12,6,2,2,6,2,0,0,0,3,0,0|7.8361
96,24,12,6,12,6,2,2,6,2,0,0,3,0,0,1|8.0577
96,24,12,6,12,6,2,2,6,2,0,1,3,0,0,1|8.2905
96,24,12,6,12,6,2,3,6,2,0,1,3,0,0,1|8.3845
96,24,12,6,12,6,2,3,6,2,1,1,3,0,1,0|8.6198
96,24,12,6,12,6,3,3,6,2,1,1,3,0,3,0|8.6664
96,24,12,6,12,6,6,0,6,3,1,12,3,3,0,0|8.3342
96,24,12,6,12,6,6,12,6,6,1,0,3,2,0,0|8.4434
96,24,12,6,12,12,12,0,12,1,0,3,3,2,0,0|8.2138
96,24,24,6,24,12,0,3,3,3,0,0,3,0,0,0|7.5156
96,24,24,6,24,12,0,3,6,3,0,0,2,0,0,0|7.6387
96,48,6,1,24,12,3,0,6,3,0,0,2,0,0,0|7.0131
96,48,6,1,0,24,12,3,2,6,3,0,0,2,0,0|7.2489
96,48,6,1,0,24,12,3,1,2,6,3,0,0,2,0|7.4960
96,48,6,1,24,12,3,0,3,6,3,0,0,2,0,1|7.6046
96,48,6,1,24,12,6,0,3,6,0,1,0,2,2,0|7.6945
96,48,12,1,24,12,0,1,3,6,2,0,0,2,0,3|7.7259
96,48,12,1,0,24,12,1,2,3,6,2,0,0,2,3|7.9987
96,48,24,1,2,24,6,3,0,3,2,3,0,0,3,0|7.7829
96,48,24,1,2,24,6,3,0,3,2,3,3,0,0,3|7.9886
96,48,24,1,2,24,6,3,0,3,2,3,1,3,0,3|8.2457
96,48,24,1,2,24,6,3,0,3,2,3,3,1,3,3|8.4944
96,48,24,1,2,24,6,6,3,3,2,3,0,1,3,1|8.6445
96,48,24,1,0,2,24,12,3,6,2,3,0,1,3,1|8.5462
96,48,48,1,3,2,2,12,0,6,3,3,0,1,2,1|7.9094
0,96,96,1,3,2,2,12,0,0,6,6,2,0,1,3|5.3141
3,96,96,1,0,2,2,12,2,0,6,6,2,0,1,3|5.6204
1,3,192,1,0,2,2,12,0,2,0,12,0,2,1,3|-1.7417
1,3,192,1,0,2,2,12,0,0,2,12,1,0,3,3|-1.5922
1,3,192,1,2,2,12,2,0,2,12,0,1,3,3,0|-1.3511
2,3,0,0,1,2,192,1,2,2,24,2,1,3,3,0|-1.4584
3,3,192,1,2,2,24,2,1,2,3,0,1,3,0,0|-1.3140
0,6,192,1,2,2,24,2,0,1,2,3,24,1,3,0|-1.9480
0,0,192,1,0,6,24,1,2,3,2,2,24,1,3,3|-1.8303
0,0,192,3,0,6,24,1,2,3,2,3,24,1,3,3|-1.7309
0,6,192,3,2,3,24,1,24,1,2,6,2,0,3,0|-1.4898
0,0,192,1,2,6,24,3,24,3,2,1,2,1,3,6|-1.2570
2,6,192,1,24,3,24,3,2,1,2,1,12,0,3,6|-1.1824
2,2,192,1,24,6,24,3,2,3,2,1,12,1,3,6|-0.8361
2,2,192,1,24,6,24,3,1,2,3,3,12,1,3,6|-0.7380
2,0,3,0,24,2,192,1,1,6,24,6,12,3,6,6|-0.8480
3,2,0,3,24,2,192,1,1,6,24,6,0,12,3,12|-0.8263
3,3,2,3,24,2,192,1,1,6,24,6,0,12,3,12|-0.4927
6,2,3,0,24,2,192,1,1,6,24,6,12,3,12,1|-0.3073
3,0,0,1,2,3,3,0,1,0,2,0,0,2,1,0|3.8206
3,3,3,1,3,0,2,0,0,2,1,0,0,0,2,0|3.7763
6,3,3,1,0,2,3,0,0,0,2,0,0,1,0,0|3.6421
6,3,6,1,0,2,2,0,0,1,0,0,0,0,3,0|3.6077
6,3,6,1,0,3,2,0,0,0,3,0,0,2,0,0|3.5734
6,6,6,1,0,0,2,0,0,2,3,0,0,3,0,0|3.4990
6,6,6,1,0,2,2,0,0,3,3,0,0,2,0,0|3.6245
12,6,1,0,2,2,0,1,3,3,0,0,2,0,0,0|3.5500
12,6,1,0,2,2,1,0,6,0,0,2,2,0,0,0|3.5355
12,6,1,0,2,3,0,0,6,0,2,1,2,0,0,0|3.4809
12,6,1,0,2,3,0,0,6,2,1,3,2,0,0,0|3.5862
12,6,1,0,2,3,1,3,6,2,0,0,2,0,0,1|3.7016
12,6,1,0,2,3,1,3,6,2,0,0,2,0,1,1|3.8068
12,6,1,0,2,3,1,3,6,2,0,0,2,1,1,3|3.8820
12,6,1,0,2,3,1,3,6,2,0,0,3,1,3,3|3.8072
12,6,1,3,2,3,1,0,6,3,3,3,3,0,0,2|3.7523
12,6,1,3,2,3,1,0,6,6,3,0,3,0,2,3|3.7074
12,6,1,3,2,3,1,0,6,6,3,3,3,0,2,2|3.8124
12,6,1,3,2,3,1,3,6,6,3,2,3,0,2,2|3.9374
12,6,1,6,2,3,1,2,6,6,3,2,3,0,2,1|3.9023
12,6,1,6,2,3,3,0,12,3,2,0,3,2,1,2|3.6672
12,6,1,6,2,6,3,0,12,2,3,2,3,2,0,0|3.5420
12,12,1,6,2,2,6,2,12,2,0,0,3,3,0,0|3.3268
24,1,6,1,2,2,6,2,12,2,0,0,6,0,0,0|2.8715
24,3,12,3,2,2,0,0,12,0,0,0,6,0,0,3|2.4062
24,3,12,3,2,2,0,0,12,0,0,3,6,0,0,1|2.5108
24,3,12,3,2,2,0,3,12,0,0,1,6,0,0,1|2.6153
24,3,12,6,2,2,0,1,12,0,0,1,6,0,0,3|2.5598
24,3,12,6,2,2,1,0,12,0,1,0,6,0,3,3|2.6343
24,3,12,6,2,3,0,3,12,1,0,0,6,3,3,0|2.5787
24,3,12,6,2,3,3,0,12,1,0,0,6,6,0,2|2.5530
24,3,12,6,2,6,0,2,12,1,0,0,12,0,2,0|2.3273
24,3,12,6,2,6,0,2,24,1,2,0,2,0,0,0|2.1115
24,3,12,6,3,2,6,2,0,24,1,2,0,2,0,0|2.2156
24,3,12,6,3,2,6,2,1,0,24,3,0,0,2,0|2.1397
24,3,12,6,3,2,6,2,1,24,3,2,0,2,0,0|2.3138
0,3,3,0,24,2,12,6,3,24,6,2,1,2,3,2|2.3777
24,3,3,6,3,2,12,2,1,24,6,2,1,2,3,0|2.5117
24,6,6,1,3,2,12,2,1,24,6,2,3,3,0,0|2.2955
24,6,6,3,3,2,12,2,1,24,6,0,3,3,0,1|2.2293
24,6,6,3,3,2,12,2,1,24,6,1,3,3,0,2|2.3430
24,6,6,3,3,2,12,3,1,24,6,2,3,3,0,1|2.2967
24,6,6,6,3,2,12,2,1,24,6,1,3,3,0,1|2.2803
24,6,6,6,3,2,12,3,1,24,6,1,3,3,0,2|2.2239
24,6,6,6,3,2,12,3,1,24,6,3,3,3,0,3|2.1373
24,6,6,6,3,2,12,6,1,24,6,3,3,3,0,3|2.0607
24,6,6,12,3,2,12,3,1,24,6,3,3,3,0,2|2.0041
24,6,6,12,3,2,12,6,1,24,6,2,3,3,0,3|1.9473
0,24,12,12,3,2,12,6,1,24,6,2,2,3,3,3|1.8206
3,24,24,12,1,2,6,6,2,24,3,2,0,3,1,3|1.5737
3,24,24,12,3,2,6,6,0,24,3,2,3,3,1,3|1.4668
6,24,24,12,0,2,6,6,3,24,3,2,1,3,1,3|1.4598
6,24,24,12,3,2,6,6,1,24,3,2,1,3,1,3|1.5927
2,6,48,12,0,3,2,12,1,24,3,2,1,3,1,3|0.6055
2,6,48,24,1,3,2,2,1,24,3,3,3,3,1,0|0.2683
3,6,48,24,1,3,2,2,3,24,3,3,2,3,1,0|0.2310
3,6,48,24,1,3,2,2,0,3,24,6,1,2,3,1|0.1937
3,6,48,24,1,6,2,2,1,2,24,6,1,0,3,1|0.1962
3,6,48,24,1,6,2,2,3,24,6,0,1,3,1,2|0.1187
3,12,48,24,1,24,2,2,3,3,6,2,1,0,1,3|0.0111
3,12,48,24,1,24,2,2,6,6,2,0,1,1,3,2|-0.0265
3,12,48,3,1,24,2,24,6,6,2,2,1,1,3,2|0.1457
3,12,48,3,1,24,2,24,12,2,2,3,1,1,3,2|0.0479
